#
# Electron Energy Loss Function -Im(1/epsilon_M)
# Q-point list, No.   1
#   1)  [ 0.000010 0.000020 0.000030] r.l.u. 
# Omega [eV]    -Im(1/epsilon_M)
   0.000         0.6758E-12
   0.690         0.2600E-02
   1.379         0.3123E-02
   2.069         0.7418E-02
   2.759         0.3829E-01
   3.448         0.3286E-01
   4.138         0.2551E-01
   4.828         0.5745E-01
   5.517         0.6999E-01
   6.207         0.9889E-01
   6.897         0.1276E+00
   7.586         0.1784E+00
   8.276         0.2222E+00
   8.966         0.2583E+00
   9.655         0.2333E+00
  10.345         0.2307E+00
  11.034         0.2483E+00
  11.724         0.2530E+00
  12.414         0.2775E+00
  13.103         0.2831E+00
  13.793         0.3070E+00
  14.483         0.3332E+00
  15.172         0.3988E+00
  15.862         0.4758E+00
  16.552         0.5098E+00
  17.241         0.5118E+00
  17.931         0.5409E+00
  18.621         0.6241E+00
  19.310         0.7478E+00
  20.000         0.8375E+00
