
 **** DERIVATIVE DATABASE ****    
+DDB, Version number    100401

  Note : temporary (transfer) database

    usepaw         0
     natom         2
      nkpt        16
    nsppol         1
      nsym        48
    ntypat         2
    occopt         1
     nband         8
     acell  0.91360000000000D+01  0.91360000000000D+01  0.91360000000000D+01
       amu  0.40078000000000D+02  0.15999400000000D+02
   dilatmx  0.10000000000000D+01
      ecut  0.30000000000000D+02
    ecutsm  0.00000000000000D+00
     intxc         0
      iscf         7
       ixc        11
       kpt  0.00000000000000D+00  0.00000000000000D+00 -0.25000000000000D+00
            0.00000000000000D+00  0.25000000000000D+00  0.50000000000000D+00
            0.00000000000000D+00  0.50000000000000D+00 -0.25000000000000D+00
            0.25000000000000D+00  0.00000000000000D+00  0.50000000000000D+00
            0.25000000000000D+00  0.25000000000000D+00 -0.25000000000000D+00
            0.50000000000000D+00  0.00000000000000D+00 -0.25000000000000D+00
            0.00000000000000D+00  0.25000000000000D+00  0.00000000000000D+00
            0.25000000000000D+00  0.00000000000000D+00  0.00000000000000D+00
            0.25000000000000D+00  0.25000000000000D+00  0.25000000000000D+00
            0.25000000000000D+00  0.50000000000000D+00  0.50000000000000D+00
            0.25000000000000D+00 -0.25000000000000D+00 -0.25000000000000D+00
            0.50000000000000D+00  0.25000000000000D+00  0.50000000000000D+00
            0.50000000000000D+00  0.50000000000000D+00 -0.25000000000000D+00
           -0.25000000000000D+00  0.25000000000000D+00 -0.25000000000000D+00
            0.25000000000000D+00  0.50000000000000D+00  0.00000000000000D+00
            0.50000000000000D+00  0.25000000000000D+00  0.00000000000000D+00
    kptnrm  0.10000000000000D+01
     ngfft        32   32   32
    nspden         1
   nspinor         1
       occ  0.20000000000000D+01  0.20000000000000D+01  0.20000000000000D+01
            0.20000000000000D+01  0.20000000000000D+01  0.20000000000000D+01
            0.20000000000000D+01  0.20000000000000D+01
     rprim  0.00000000000000D+00  0.50000000000000D+00  0.50000000000000D+00
            0.50000000000000D+00  0.00000000000000D+00  0.50000000000000D+00
            0.50000000000000D+00  0.50000000000000D+00  0.00000000000000D+00
  dfpt_sciss  0.00000000000000D+00
    spinat  0.00000000000000D+00  0.00000000000000D+00  0.00000000000000D+00
            0.00000000000000D+00  0.00000000000000D+00  0.00000000000000D+00
    symafm         1    1    1    1    1    1    1    1    1    1    1    1
                   1    1    1    1    1    1    1    1    1    1    1    1
                   1    1    1    1    1    1    1    1    1    1    1    1
                   1    1    1    1    1    1    1    1    1    1    1    1
    symrel         1    0    0    0    1    0    0    0    1
                  -1    0    0    0   -1    0    0    0   -1
                   0   -1    1    0   -1    0    1   -1    0
                   0    1   -1    0    1    0   -1    1    0
                  -1    0    0   -1    0    1   -1    1    0
                   1    0    0    1    0   -1    1   -1    0
                   0    1   -1    1    0   -1    0    0   -1
                   0   -1    1   -1    0    1    0    0    1
                  -1    0    0   -1    1    0   -1    0    1
                   1    0    0    1   -1    0    1    0   -1
                   0   -1    1    1   -1    0    0   -1    0
                   0    1   -1   -1    1    0    0    1    0
                   1    0    0    0    0    1    0    1    0
                  -1    0    0    0    0   -1    0   -1    0
                   0    1   -1    0    0   -1    1    0   -1
                   0   -1    1    0    0    1   -1    0    1
                  -1    0    1   -1    1    0   -1    0    0
                   1    0   -1    1   -1    0    1    0    0
                   0   -1    0    1   -1    0    0   -1    1
                   0    1    0   -1    1    0    0    1   -1
                   1    0   -1    0    0   -1    0    1   -1
                  -1    0    1    0    0    1    0   -1    1
                   0    1    0    0    0    1    1    0    0
                   0   -1    0    0    0   -1   -1    0    0
                   1    0   -1    0    1   -1    0    0   -1
                  -1    0    1    0   -1    1    0    0    1
                   0   -1    0    0   -1    1    1   -1    0
                   0    1    0    0    1   -1   -1    1    0
                  -1    0    1   -1    0    0   -1    1    0
                   1    0   -1    1    0    0    1   -1    0
                   0    1    0    1    0    0    0    0    1
                   0   -1    0   -1    0    0    0    0   -1
                   0    0   -1    0    1   -1    1    0   -1
                   0    0    1    0   -1    1   -1    0    1
                   1   -1    0    0   -1    1    0   -1    0
                  -1    1    0    0    1   -1    0    1    0
                   0    0    1    1    0    0    0    1    0
                   0    0   -1   -1    0    0    0   -1    0
                  -1    1    0   -1    0    0   -1    0    1
                   1   -1    0    1    0    0    1    0   -1
                   0    0    1    0    1    0    1    0    0
                   0    0   -1    0   -1    0   -1    0    0
                   1   -1    0    0   -1    0    0   -1    1
                  -1    1    0    0    1    0    0    1   -1
                   0    0   -1    1    0   -1    0    1   -1
                   0    0    1   -1    0    1    0   -1    1
                  -1    1    0   -1    0    1   -1    0    0
                   1   -1    0    1    0   -1    1    0    0
     tnons  0.00000000000000D+00  0.00000000000000D+00  0.00000000000000D+00
            0.00000000000000D+00  0.00000000000000D+00  0.00000000000000D+00
            0.00000000000000D+00  0.00000000000000D+00  0.00000000000000D+00
            0.00000000000000D+00  0.00000000000000D+00  0.00000000000000D+00
            0.00000000000000D+00  0.00000000000000D+00  0.00000000000000D+00
            0.00000000000000D+00  0.00000000000000D+00  0.00000000000000D+00
            0.00000000000000D+00  0.00000000000000D+00  0.00000000000000D+00
            0.00000000000000D+00  0.00000000000000D+00  0.00000000000000D+00
            0.00000000000000D+00  0.00000000000000D+00  0.00000000000000D+00
            0.00000000000000D+00  0.00000000000000D+00  0.00000000000000D+00
            0.00000000000000D+00  0.00000000000000D+00  0.00000000000000D+00
            0.00000000000000D+00  0.00000000000000D+00  0.00000000000000D+00
            0.00000000000000D+00  0.00000000000000D+00  0.00000000000000D+00
            0.00000000000000D+00  0.00000000000000D+00  0.00000000000000D+00
            0.00000000000000D+00  0.00000000000000D+00  0.00000000000000D+00
            0.00000000000000D+00  0.00000000000000D+00  0.00000000000000D+00
            0.00000000000000D+00  0.00000000000000D+00  0.00000000000000D+00
            0.00000000000000D+00  0.00000000000000D+00  0.00000000000000D+00
            0.00000000000000D+00  0.00000000000000D+00  0.00000000000000D+00
            0.00000000000000D+00  0.00000000000000D+00  0.00000000000000D+00
            0.00000000000000D+00  0.00000000000000D+00  0.00000000000000D+00
            0.00000000000000D+00  0.00000000000000D+00  0.00000000000000D+00
            0.00000000000000D+00  0.00000000000000D+00  0.00000000000000D+00
            0.00000000000000D+00  0.00000000000000D+00  0.00000000000000D+00
            0.00000000000000D+00  0.00000000000000D+00  0.00000000000000D+00
            0.00000000000000D+00  0.00000000000000D+00  0.00000000000000D+00
            0.00000000000000D+00  0.00000000000000D+00  0.00000000000000D+00
            0.00000000000000D+00  0.00000000000000D+00  0.00000000000000D+00
            0.00000000000000D+00  0.00000000000000D+00  0.00000000000000D+00
            0.00000000000000D+00  0.00000000000000D+00  0.00000000000000D+00
            0.00000000000000D+00  0.00000000000000D+00  0.00000000000000D+00
            0.00000000000000D+00  0.00000000000000D+00  0.00000000000000D+00
            0.00000000000000D+00  0.00000000000000D+00  0.00000000000000D+00
            0.00000000000000D+00  0.00000000000000D+00  0.00000000000000D+00
            0.00000000000000D+00  0.00000000000000D+00  0.00000000000000D+00
            0.00000000000000D+00  0.00000000000000D+00  0.00000000000000D+00
            0.00000000000000D+00  0.00000000000000D+00  0.00000000000000D+00
            0.00000000000000D+00  0.00000000000000D+00  0.00000000000000D+00
            0.00000000000000D+00  0.00000000000000D+00  0.00000000000000D+00
            0.00000000000000D+00  0.00000000000000D+00  0.00000000000000D+00
            0.00000000000000D+00  0.00000000000000D+00  0.00000000000000D+00
            0.00000000000000D+00  0.00000000000000D+00  0.00000000000000D+00
            0.00000000000000D+00  0.00000000000000D+00  0.00000000000000D+00
            0.00000000000000D+00  0.00000000000000D+00  0.00000000000000D+00
            0.00000000000000D+00  0.00000000000000D+00  0.00000000000000D+00
            0.00000000000000D+00  0.00000000000000D+00  0.00000000000000D+00
            0.00000000000000D+00  0.00000000000000D+00  0.00000000000000D+00
            0.00000000000000D+00  0.00000000000000D+00  0.00000000000000D+00
    tolwfr  0.10000000000000D+01
   tphysel  0.00000000000000D+00
    tsmear  0.10000000000000D-01
     typat         1    2
       wtk  0.62500000000000D-01  0.62500000000000D-01  0.62500000000000D-01
            0.62500000000000D-01  0.62500000000000D-01  0.62500000000000D-01
            0.62500000000000D-01  0.62500000000000D-01  0.62500000000000D-01
            0.62500000000000D-01  0.62500000000000D-01  0.62500000000000D-01
            0.62500000000000D-01  0.62500000000000D-01  0.62500000000000D-01
            0.62500000000000D-01
      xred  0.00000000000000D+00  0.00000000000000D+00  0.00000000000000D+00
            0.50000000000000D+00  0.50000000000000D+00  0.50000000000000D+00
     znucl  0.20000000000000D+02  0.80000000000000D+01
      zion  0.10000000000000D+02  0.60000000000000D+01
 
  Description of the potentials (KB energies)
  vrsio8 (for pseudopotentials)=100401
  usepaw =  0
  dimekb =  6       lmnmax=  6
  Atom type=    1   pspso=  0   nekb=   6
  iln lpsang iproj  ekb(:)
     1     0     1     1.0063789E+01  0.0000000E+00  0.0000000E+00  0.0000000E+00
                       0.0000000E+00  0.0000000E+00
     2     0     2     0.0000000E+00  9.7239097E-01  0.0000000E+00  0.0000000E+00
                       0.0000000E+00  0.0000000E+00
     3     1     1     0.0000000E+00  0.0000000E+00  3.0498783E+00  0.0000000E+00
                       0.0000000E+00  0.0000000E+00
     4     1     2     0.0000000E+00  0.0000000E+00  0.0000000E+00  4.7179907E-01
                       0.0000000E+00  0.0000000E+00
     5     2     1     0.0000000E+00  0.0000000E+00  0.0000000E+00  0.0000000E+00
                      -3.4066715E+00  0.0000000E+00
     6     2     2     0.0000000E+00  0.0000000E+00  0.0000000E+00  0.0000000E+00
                      -3.4066715E+00  0.0000000E+00
  Atom type=    2   pspso=  0   nekb=   5
  iln lpsang iproj  ekb(:)
     1     0     1     5.2572115E+00  0.0000000E+00  0.0000000E+00  0.0000000E+00
                       0.0000000E+00
     2     0     2     0.0000000E+00  7.0424089E-01  0.0000000E+00  0.0000000E+00
                       0.0000000E+00
     3     1     1     0.0000000E+00  0.0000000E+00 -5.1354431E+00  0.0000000E+00
                       0.0000000E+00
     4     1     2     0.0000000E+00  0.0000000E+00  0.0000000E+00 -1.4517815E+00
                       0.0000000E+00
     5     2     1     0.0000000E+00  0.0000000E+00  0.0000000E+00  0.0000000E+00
                      -4.3714856E+00
 
 **** Database of total energy derivatives ****
 Number of data blocks=    1

 2nd derivatives (non-stat.)  - # elements :      81
 qpt  0.00000000E+00  0.00000000E+00  0.00000000E+00   1.0
   1   1   1   1  0.15171802159753D+01  0.00000000000000D+00
   1   1   2   1  0.75859010798752D+00  0.00000000000000D+00
   1   1   3   1  0.75859010798843D+00  0.00000000000000D+00
   1   1   1   2 -0.15183825670035D+01  0.00000000000000D+00
   1   1   2   2 -0.75919128350179D+00  0.00000000000000D+00
   1   1   3   2 -0.75919128350180D+00  0.00000000000000D+00
   1   1   1   4 -0.48014297927298D+02  0.00000000000000D+00
   1   1   2   4  0.94714306542950D-16  0.00000000000000D+00
   1   1   3   4 -0.21132342656732D-16  0.00000000000000D+00
   2   1   1   1  0.75859010798752D+00  0.00000000000000D+00
   2   1   2   1  0.15171802159753D+01  0.00000000000000D+00
   2   1   3   1  0.75859010798797D+00  0.00000000000000D+00
   2   1   1   2 -0.75919128350180D+00  0.00000000000000D+00
   2   1   2   2 -0.15183825670035D+01  0.00000000000000D+00
   2   1   3   2 -0.75919128350181D+00  0.00000000000000D+00
   2   1   1   4  0.00000000000000D+00  0.00000000000000D+00
   2   1   2   4 -0.48014297927298D+02  0.00000000000000D+00
   2   1   3   4 -0.63431473976717D-16  0.00000000000000D+00
   3   1   1   1  0.75859010798808D+00  0.00000000000000D+00
   3   1   2   1  0.75859010798831D+00  0.00000000000000D+00
   3   1   3   1  0.15171802159753D+01  0.00000000000000D+00
   3   1   1   2 -0.75919128350180D+00  0.00000000000000D+00
   3   1   2   2 -0.75919128350180D+00  0.00000000000000D+00
   3   1   3   2 -0.15183825670035D+01  0.00000000000000D+00
   3   1   1   4  0.00000000000000D+00  0.00000000000000D+00
   3   1   2   4 -0.13787924670719D-15  0.00000000000000D+00
   3   1   3   4 -0.48014297927298D+02  0.00000000000000D+00
   1   2   1   1 -0.15183751120229D+01  0.00000000000000D+00
   1   2   2   1 -0.75918755601148D+00  0.00000000000000D+00
   1   2   3   1 -0.75918755601147D+00  0.00000000000000D+00
   1   2   1   2  0.15913669955403D+01  0.00000000000000D+00
   1   2   2   2  0.79568349776946D+00  0.00000000000000D+00
   1   2   3   2  0.79568349776946D+00  0.00000000000000D+00
   1   2   1   4 -0.50359156158595D+02  0.00000000000000D+00
   1   2   2   4  0.26137177997742D-16  0.00000000000000D+00
   1   2   3   4  0.50421047906891D-16  0.00000000000000D+00
   2   2   1   1 -0.75918755601149D+00  0.00000000000000D+00
   2   2   2   1 -0.15183751120229D+01  0.00000000000000D+00
   2   2   3   1 -0.75918755601149D+00  0.00000000000000D+00
   2   2   1   2  0.79568349776991D+00  0.00000000000000D+00
   2   2   2   2  0.15913669955398D+01  0.00000000000000D+00
   2   2   3   2  0.79568349776878D+00  0.00000000000000D+00
   2   2   1   4  0.14802973661669D-15  0.00000000000000D+00
   2   2   2   4 -0.50359156158595D+02  0.00000000000000D+00
   2   2   3   4 -0.65072459139864D-16  0.00000000000000D+00
   3   2   1   1 -0.75918755601148D+00  0.00000000000000D+00
   3   2   2   1 -0.75918755601148D+00  0.00000000000000D+00
   3   2   3   1 -0.15183751120229D+01  0.00000000000000D+00
   3   2   1   2  0.79568349776923D+00  0.00000000000000D+00
   3   2   2   2  0.79568349776878D+00  0.00000000000000D+00
   3   2   3   2  0.15913669955389D+01  0.00000000000000D+00
   3   2   1   4 -0.14802973661669D-15  0.00000000000000D+00
   3   2   2   4 -0.13654396985192D-15  0.00000000000000D+00
   3   2   3   4 -0.50359156158595D+02  0.00000000000000D+00
   1   4   1   1 -0.48014312602607D+02  0.00000000000000D+00
   1   4   2   1  0.00000000000000D+00  0.00000000000000D+00
   1   4   3   1  0.14802973661669D-15  0.00000000000000D+00
   1   4   1   2 -0.50359068592297D+02  0.00000000000000D+00
   1   4   2   2 -0.14802973661669D-15  0.00000000000000D+00
   1   4   3   2  0.00000000000000D+00  0.00000000000000D+00
   1   4   1   4 -0.50518878291509D+02  0.00000000000000D+00
   1   4   2   4  0.16839626097170D+02  0.00000000000000D+00
   1   4   3   4  0.16839626097170D+02  0.00000000000000D+00
   2   4   1   1 -0.11016298753753D-16  0.00000000000000D+00
   2   4   2   1 -0.48014312602607D+02  0.00000000000000D+00
   2   4   3   1 -0.13787924670719D-15  0.00000000000000D+00
   2   4   1   2 -0.63990515721905D-17  0.00000000000000D+00
   2   4   2   2 -0.50359068592297D+02  0.00000000000000D+00
   2   4   3   2  0.11485766764768D-16  0.00000000000000D+00
   2   4   1   4  0.16839626097170D+02  0.00000000000000D+00
   2   4   2   4 -0.50518878291509D+02  0.00000000000000D+00
   2   4   3   4  0.16839626097170D+02  0.00000000000000D+00
   3   4   1   1 -0.73581963886218D-16  0.00000000000000D+00
   3   4   2   1 -0.73581963886218D-16  0.00000000000000D+00
   3   4   3   1 -0.48014312602607D+02  0.00000000000000D+00
   3   4   1   2  0.71471510712055D-16  0.00000000000000D+00
   3   4   2   2 -0.76558225904633D-16  0.00000000000000D+00
   3   4   3   2 -0.50359068592297D+02  0.00000000000000D+00
   3   4   1   4  0.16839626097170D+02  0.00000000000000D+00
   3   4   2   4  0.16839626097170D+02  0.00000000000000D+00
   3   4   3   4 -0.50518878291509D+02  0.00000000000000D+00
