
 **** DERIVATIVE DATABASE ****    
+DDB, Version number    100401

 asdasd

    usepaw         0
     natom         2
      nkpt       432
    nsppol         1
      nsym        24
    ntypat         2
    occopt         1
     nband         6
     acell  0.10530000000000D+02  0.10530000000000D+02  0.10530000000000D+02
       amu  0.26981539000000D+02  0.74921590000000D+02
   dilatmx  0.10500000000000D+01
      ecut  0.28000000000000D+01
    ecutsm  0.50000000000000D+00
     intxc         0
      iscf         7
       ixc         3
       kpt -0.83333333333334D-01 -0.16666666666667D+00  0.00000000000000D+00
           -0.16666666666667D+00 -0.83333333333334D-01  0.00000000000000D+00
           -0.83333333333334D-01 -0.83333333333334D-01  0.83333333333333D-01
           -0.83333333333334D-01 -0.33333333333333D+00  0.00000000000000D+00
           -0.16666666666667D+00 -0.25000000000000D+00  0.00000000000000D+00
           -0.83333333333334D-01 -0.25000000000000D+00  0.83333333333333D-01
           -0.25000000000000D+00 -0.16666666666667D+00  0.00000000000000D+00
           -0.16666666666667D+00 -0.16666666666667D+00  0.83333333333333D-01
           -0.83333333333334D-01 -0.16666666666667D+00  0.16666666666667D+00
           -0.33333333333333D+00 -0.83333333333334D-01  0.00000000000000D+00
           -0.25000000000000D+00 -0.83333333333334D-01  0.83333333333333D-01
           -0.16666666666667D+00 -0.83333333333334D-01  0.16666666666667D+00
           -0.83333333333334D-01 -0.83333333333334D-01  0.25000000000000D+00
           -0.83333333333334D-01  0.50000000000000D+00  0.00000000000000D+00
           -0.16666666666667D+00 -0.41666666666667D+00  0.00000000000000D+00
           -0.83333333333334D-01 -0.41666666666667D+00  0.83333333333333D-01
           -0.25000000000000D+00 -0.33333333333333D+00  0.00000000000000D+00
           -0.16666666666667D+00 -0.33333333333333D+00  0.83333333333333D-01
           -0.83333333333334D-01 -0.33333333333333D+00  0.16666666666667D+00
           -0.33333333333333D+00 -0.25000000000000D+00  0.00000000000000D+00
           -0.25000000000000D+00 -0.25000000000000D+00  0.83333333333333D-01
           -0.16666666666667D+00 -0.25000000000000D+00  0.16666666666667D+00
           -0.83333333333334D-01 -0.25000000000000D+00  0.25000000000000D+00
           -0.41666666666667D+00 -0.16666666666667D+00  0.00000000000000D+00
           -0.33333333333333D+00 -0.16666666666667D+00  0.83333333333333D-01
           -0.25000000000000D+00 -0.16666666666667D+00  0.16666666666667D+00
           -0.16666666666667D+00 -0.16666666666667D+00  0.25000000000000D+00
           -0.83333333333334D-01 -0.16666666666667D+00  0.33333333333333D+00
            0.50000000000000D+00 -0.83333333333334D-01  0.00000000000000D+00
           -0.41666666666667D+00 -0.83333333333334D-01  0.83333333333333D-01
           -0.33333333333333D+00 -0.83333333333334D-01  0.16666666666667D+00
           -0.25000000000000D+00 -0.83333333333334D-01  0.25000000000000D+00
           -0.16666666666667D+00 -0.83333333333334D-01  0.33333333333333D+00
           -0.83333333333334D-01 -0.83333333333334D-01  0.41666666666667D+00
           -0.83333333333334D-01  0.33333333333333D+00  0.00000000000000D+00
           -0.16666666666667D+00  0.41666666666667D+00  0.00000000000000D+00
           -0.83333333333334D-01  0.41666666666667D+00  0.83333333333333D-01
           -0.25000000000000D+00  0.50000000000000D+00  0.00000000000000D+00
           -0.16666666666667D+00  0.50000000000000D+00  0.83333333333333D-01
           -0.83333333333334D-01  0.50000000000000D+00  0.16666666666667D+00
           -0.33333333333333D+00 -0.41666666666667D+00  0.00000000000000D+00
           -0.25000000000000D+00 -0.41666666666667D+00  0.83333333333333D-01
           -0.16666666666667D+00 -0.41666666666667D+00  0.16666666666667D+00
           -0.83333333333334D-01 -0.41666666666667D+00  0.25000000000000D+00
           -0.41666666666667D+00 -0.33333333333333D+00  0.00000000000000D+00
           -0.33333333333333D+00 -0.33333333333333D+00  0.83333333333333D-01
           -0.25000000000000D+00 -0.33333333333333D+00  0.16666666666667D+00
           -0.16666666666667D+00 -0.33333333333333D+00  0.25000000000000D+00
           -0.83333333333334D-01 -0.33333333333333D+00  0.33333333333333D+00
            0.50000000000000D+00 -0.25000000000000D+00  0.00000000000000D+00
           -0.41666666666667D+00 -0.25000000000000D+00  0.83333333333333D-01
           -0.33333333333333D+00 -0.25000000000000D+00  0.16666666666667D+00
           -0.25000000000000D+00 -0.25000000000000D+00  0.25000000000000D+00
           -0.16666666666667D+00 -0.25000000000000D+00  0.33333333333333D+00
           -0.83333333333334D-01 -0.25000000000000D+00  0.41666666666667D+00
            0.41666666666667D+00 -0.16666666666667D+00  0.00000000000000D+00
            0.50000000000000D+00 -0.16666666666667D+00  0.83333333333333D-01
           -0.41666666666667D+00 -0.16666666666667D+00  0.16666666666667D+00
           -0.33333333333333D+00 -0.16666666666667D+00  0.25000000000000D+00
           -0.25000000000000D+00 -0.16666666666667D+00  0.33333333333333D+00
           -0.16666666666667D+00 -0.16666666666667D+00  0.41666666666667D+00
           -0.83333333333334D-01 -0.16666666666667D+00  0.50000000000000D+00
            0.33333333333333D+00 -0.83333333333334D-01  0.00000000000000D+00
            0.41666666666667D+00 -0.83333333333334D-01  0.83333333333333D-01
            0.50000000000000D+00 -0.83333333333334D-01  0.16666666666667D+00
           -0.41666666666667D+00 -0.83333333333334D-01  0.25000000000000D+00
           -0.33333333333333D+00 -0.83333333333334D-01  0.33333333333333D+00
           -0.25000000000000D+00 -0.83333333333334D-01  0.41666666666667D+00
           -0.16666666666667D+00 -0.83333333333334D-01  0.50000000000000D+00
           -0.83333333333334D-01 -0.83333333333334D-01 -0.41666666666667D+00
           -0.83333333333334D-01  0.16666666666667D+00  0.00000000000000D+00
           -0.16666666666667D+00  0.25000000000000D+00  0.00000000000000D+00
           -0.83333333333334D-01  0.25000000000000D+00  0.83333333333333D-01
           -0.25000000000000D+00  0.33333333333333D+00  0.00000000000000D+00
           -0.16666666666667D+00  0.33333333333333D+00  0.83333333333333D-01
           -0.83333333333334D-01  0.33333333333333D+00  0.16666666666667D+00
           -0.33333333333333D+00  0.41666666666667D+00  0.00000000000000D+00
           -0.25000000000000D+00  0.41666666666667D+00  0.83333333333333D-01
           -0.16666666666667D+00  0.41666666666667D+00  0.16666666666667D+00
           -0.83333333333334D-01  0.41666666666667D+00  0.25000000000000D+00
           -0.41666666666667D+00  0.50000000000000D+00  0.00000000000000D+00
           -0.33333333333333D+00  0.50000000000000D+00  0.83333333333333D-01
           -0.25000000000000D+00  0.50000000000000D+00  0.16666666666667D+00
           -0.16666666666667D+00  0.50000000000000D+00  0.25000000000000D+00
           -0.83333333333334D-01  0.50000000000000D+00  0.33333333333333D+00
            0.50000000000000D+00 -0.41666666666667D+00  0.00000000000000D+00
           -0.41666666666667D+00 -0.41666666666667D+00  0.83333333333333D-01
           -0.33333333333333D+00 -0.41666666666667D+00  0.16666666666667D+00
           -0.25000000000000D+00 -0.41666666666667D+00  0.25000000000000D+00
           -0.16666666666667D+00 -0.41666666666667D+00  0.33333333333333D+00
           -0.83333333333334D-01 -0.41666666666667D+00  0.41666666666667D+00
            0.41666666666667D+00 -0.33333333333333D+00  0.00000000000000D+00
            0.50000000000000D+00 -0.33333333333333D+00  0.83333333333333D-01
           -0.41666666666667D+00 -0.33333333333333D+00  0.16666666666667D+00
           -0.33333333333333D+00 -0.33333333333333D+00  0.25000000000000D+00
           -0.25000000000000D+00 -0.33333333333333D+00  0.33333333333333D+00
           -0.16666666666667D+00 -0.33333333333333D+00  0.41666666666667D+00
           -0.83333333333334D-01 -0.33333333333333D+00  0.50000000000000D+00
            0.33333333333333D+00 -0.25000000000000D+00  0.00000000000000D+00
            0.41666666666667D+00 -0.25000000000000D+00  0.83333333333333D-01
            0.50000000000000D+00 -0.25000000000000D+00  0.16666666666667D+00
           -0.41666666666667D+00 -0.25000000000000D+00  0.25000000000000D+00
           -0.33333333333333D+00 -0.25000000000000D+00  0.33333333333333D+00
           -0.25000000000000D+00 -0.25000000000000D+00  0.41666666666667D+00
           -0.16666666666667D+00 -0.25000000000000D+00  0.50000000000000D+00
           -0.83333333333334D-01 -0.25000000000000D+00 -0.41666666666667D+00
            0.25000000000000D+00 -0.16666666666667D+00  0.00000000000000D+00
            0.33333333333333D+00 -0.16666666666667D+00  0.83333333333333D-01
            0.41666666666667D+00 -0.16666666666667D+00  0.16666666666667D+00
            0.50000000000000D+00 -0.16666666666667D+00  0.25000000000000D+00
           -0.41666666666667D+00 -0.16666666666667D+00  0.33333333333333D+00
           -0.33333333333333D+00 -0.16666666666667D+00  0.41666666666667D+00
           -0.25000000000000D+00 -0.16666666666667D+00  0.50000000000000D+00
           -0.16666666666667D+00 -0.16666666666667D+00 -0.41666666666667D+00
           -0.83333333333334D-01 -0.16666666666667D+00 -0.33333333333333D+00
            0.16666666666667D+00 -0.83333333333334D-01  0.00000000000000D+00
            0.25000000000000D+00 -0.83333333333334D-01  0.83333333333333D-01
            0.33333333333333D+00 -0.83333333333334D-01  0.16666666666667D+00
            0.41666666666667D+00 -0.83333333333334D-01  0.25000000000000D+00
            0.50000000000000D+00 -0.83333333333334D-01  0.33333333333333D+00
           -0.41666666666667D+00 -0.83333333333334D-01  0.41666666666667D+00
           -0.33333333333333D+00 -0.83333333333334D-01  0.50000000000000D+00
           -0.25000000000000D+00 -0.83333333333334D-01 -0.41666666666667D+00
           -0.16666666666667D+00 -0.83333333333334D-01 -0.33333333333333D+00
           -0.83333333333334D-01 -0.83333333333334D-01 -0.25000000000000D+00
           -0.83333333333334D-01  0.00000000000000D+00  0.00000000000000D+00
           -0.83333333333334D-01  0.83333333333333D-01  0.83333333333333D-01
           -0.16666666666667D+00  0.16666666666667D+00  0.83333333333333D-01
           -0.83333333333334D-01  0.16666666666667D+00  0.16666666666667D+00
           -0.25000000000000D+00  0.25000000000000D+00  0.83333333333333D-01
           -0.16666666666667D+00  0.25000000000000D+00  0.16666666666667D+00
           -0.83333333333334D-01  0.25000000000000D+00  0.25000000000000D+00
           -0.33333333333333D+00  0.33333333333333D+00  0.83333333333333D-01
           -0.25000000000000D+00  0.33333333333333D+00  0.16666666666667D+00
           -0.16666666666667D+00  0.33333333333333D+00  0.25000000000000D+00
           -0.83333333333334D-01  0.33333333333333D+00  0.33333333333333D+00
           -0.41666666666667D+00  0.41666666666667D+00  0.83333333333333D-01
           -0.33333333333333D+00  0.41666666666667D+00  0.16666666666667D+00
           -0.25000000000000D+00  0.41666666666667D+00  0.25000000000000D+00
           -0.16666666666667D+00  0.41666666666667D+00  0.33333333333333D+00
           -0.83333333333334D-01  0.41666666666667D+00  0.41666666666667D+00
            0.50000000000000D+00  0.50000000000000D+00  0.83333333333333D-01
           -0.41666666666667D+00  0.50000000000000D+00  0.16666666666667D+00
           -0.33333333333333D+00  0.50000000000000D+00  0.25000000000000D+00
           -0.25000000000000D+00  0.50000000000000D+00  0.33333333333333D+00
           -0.16666666666667D+00  0.50000000000000D+00  0.41666666666667D+00
           -0.83333333333334D-01  0.50000000000000D+00  0.50000000000000D+00
            0.41666666666667D+00 -0.41666666666667D+00  0.83333333333333D-01
            0.50000000000000D+00 -0.41666666666667D+00  0.16666666666667D+00
           -0.41666666666667D+00 -0.41666666666667D+00  0.25000000000000D+00
           -0.33333333333333D+00 -0.41666666666667D+00  0.33333333333333D+00
           -0.25000000000000D+00 -0.41666666666667D+00  0.41666666666667D+00
           -0.16666666666667D+00 -0.41666666666667D+00  0.50000000000000D+00
           -0.83333333333334D-01 -0.41666666666667D+00 -0.41666666666667D+00
            0.33333333333333D+00 -0.33333333333333D+00  0.83333333333333D-01
            0.41666666666667D+00 -0.33333333333333D+00  0.16666666666667D+00
            0.50000000000000D+00 -0.33333333333333D+00  0.25000000000000D+00
           -0.41666666666667D+00 -0.33333333333333D+00  0.33333333333333D+00
           -0.33333333333333D+00 -0.33333333333333D+00  0.41666666666667D+00
           -0.25000000000000D+00 -0.33333333333333D+00  0.50000000000000D+00
           -0.16666666666667D+00 -0.33333333333333D+00 -0.41666666666667D+00
           -0.83333333333334D-01 -0.33333333333333D+00 -0.33333333333333D+00
            0.25000000000000D+00 -0.25000000000000D+00  0.83333333333333D-01
            0.33333333333333D+00 -0.25000000000000D+00  0.16666666666667D+00
            0.41666666666667D+00 -0.25000000000000D+00  0.25000000000000D+00
            0.50000000000000D+00 -0.25000000000000D+00  0.33333333333333D+00
           -0.41666666666667D+00 -0.25000000000000D+00  0.41666666666667D+00
           -0.33333333333333D+00 -0.25000000000000D+00  0.50000000000000D+00
           -0.25000000000000D+00 -0.25000000000000D+00 -0.41666666666667D+00
           -0.16666666666667D+00 -0.25000000000000D+00 -0.33333333333333D+00
           -0.83333333333334D-01 -0.25000000000000D+00 -0.25000000000000D+00
            0.16666666666667D+00 -0.16666666666667D+00  0.83333333333333D-01
            0.25000000000000D+00 -0.16666666666667D+00  0.16666666666667D+00
            0.33333333333333D+00 -0.16666666666667D+00  0.25000000000000D+00
            0.41666666666667D+00 -0.16666666666667D+00  0.33333333333333D+00
            0.50000000000000D+00 -0.16666666666667D+00  0.41666666666667D+00
           -0.41666666666667D+00 -0.16666666666667D+00  0.50000000000000D+00
           -0.33333333333333D+00 -0.16666666666667D+00 -0.41666666666667D+00
           -0.25000000000000D+00 -0.16666666666667D+00 -0.33333333333333D+00
           -0.16666666666667D+00 -0.16666666666667D+00 -0.25000000000000D+00
           -0.83333333333334D-01 -0.16666666666667D+00 -0.16666666666667D+00
            0.00000000000000D+00 -0.83333333333334D-01  0.00000000000000D+00
            0.83333333333333D-01 -0.83333333333334D-01  0.83333333333333D-01
            0.16666666666667D+00 -0.83333333333334D-01  0.16666666666667D+00
            0.25000000000000D+00 -0.83333333333334D-01  0.25000000000000D+00
            0.33333333333333D+00 -0.83333333333334D-01  0.33333333333333D+00
            0.41666666666667D+00 -0.83333333333334D-01  0.41666666666667D+00
            0.50000000000000D+00 -0.83333333333334D-01  0.50000000000000D+00
           -0.41666666666667D+00 -0.83333333333334D-01 -0.41666666666667D+00
           -0.33333333333333D+00 -0.83333333333334D-01 -0.33333333333333D+00
           -0.25000000000000D+00 -0.83333333333334D-01 -0.25000000000000D+00
           -0.16666666666667D+00 -0.83333333333334D-01 -0.16666666666667D+00
           -0.83333333333334D-01 -0.83333333333334D-01 -0.83333333333334D-01
           -0.25000000000000D+00  0.00000000000000D+00  0.00000000000000D+00
           -0.16666666666667D+00  0.00000000000000D+00  0.83333333333333D-01
           -0.83333333333334D-01  0.00000000000000D+00  0.16666666666667D+00
           -0.25000000000000D+00  0.83333333333333D-01  0.83333333333333D-01
           -0.16666666666667D+00  0.83333333333333D-01  0.16666666666667D+00
           -0.83333333333334D-01  0.83333333333333D-01  0.25000000000000D+00
           -0.33333333333333D+00  0.16666666666667D+00  0.83333333333333D-01
           -0.25000000000000D+00  0.16666666666667D+00  0.16666666666667D+00
           -0.16666666666667D+00  0.16666666666667D+00  0.25000000000000D+00
           -0.83333333333334D-01  0.16666666666667D+00  0.33333333333333D+00
           -0.41666666666667D+00  0.25000000000000D+00  0.83333333333333D-01
           -0.33333333333333D+00  0.25000000000000D+00  0.16666666666667D+00
           -0.25000000000000D+00  0.25000000000000D+00  0.25000000000000D+00
           -0.16666666666667D+00  0.25000000000000D+00  0.33333333333333D+00
           -0.83333333333334D-01  0.25000000000000D+00  0.41666666666667D+00
            0.50000000000000D+00  0.33333333333333D+00  0.83333333333333D-01
           -0.41666666666667D+00  0.33333333333333D+00  0.16666666666667D+00
           -0.33333333333333D+00  0.33333333333333D+00  0.25000000000000D+00
           -0.25000000000000D+00  0.33333333333333D+00  0.33333333333333D+00
           -0.16666666666667D+00  0.33333333333333D+00  0.41666666666667D+00
           -0.83333333333334D-01  0.33333333333333D+00  0.50000000000000D+00
            0.41666666666667D+00  0.41666666666667D+00  0.83333333333333D-01
            0.50000000000000D+00  0.41666666666667D+00  0.16666666666667D+00
           -0.41666666666667D+00  0.41666666666667D+00  0.25000000000000D+00
           -0.33333333333333D+00  0.41666666666667D+00  0.33333333333333D+00
           -0.25000000000000D+00  0.41666666666667D+00  0.41666666666667D+00
           -0.16666666666667D+00  0.41666666666667D+00  0.50000000000000D+00
           -0.83333333333334D-01  0.41666666666667D+00 -0.41666666666667D+00
            0.33333333333333D+00  0.50000000000000D+00  0.83333333333333D-01
            0.41666666666667D+00  0.50000000000000D+00  0.16666666666667D+00
            0.50000000000000D+00  0.50000000000000D+00  0.25000000000000D+00
           -0.41666666666667D+00  0.50000000000000D+00  0.33333333333333D+00
           -0.33333333333333D+00  0.50000000000000D+00  0.41666666666667D+00
           -0.25000000000000D+00  0.50000000000000D+00  0.50000000000000D+00
           -0.16666666666667D+00  0.50000000000000D+00 -0.41666666666667D+00
           -0.83333333333334D-01  0.50000000000000D+00 -0.33333333333333D+00
            0.25000000000000D+00 -0.41666666666667D+00  0.83333333333333D-01
            0.33333333333333D+00 -0.41666666666667D+00  0.16666666666667D+00
            0.41666666666667D+00 -0.41666666666667D+00  0.25000000000000D+00
            0.50000000000000D+00 -0.41666666666667D+00  0.33333333333333D+00
           -0.41666666666667D+00 -0.41666666666667D+00  0.41666666666667D+00
           -0.33333333333333D+00 -0.41666666666667D+00  0.50000000000000D+00
           -0.25000000000000D+00 -0.41666666666667D+00 -0.41666666666667D+00
           -0.16666666666667D+00 -0.41666666666667D+00 -0.33333333333333D+00
           -0.83333333333334D-01 -0.41666666666667D+00 -0.25000000000000D+00
            0.16666666666667D+00 -0.33333333333333D+00  0.83333333333333D-01
            0.25000000000000D+00 -0.33333333333333D+00  0.16666666666667D+00
            0.33333333333333D+00 -0.33333333333333D+00  0.25000000000000D+00
            0.41666666666667D+00 -0.33333333333333D+00  0.33333333333333D+00
            0.50000000000000D+00 -0.33333333333333D+00  0.41666666666667D+00
           -0.41666666666667D+00 -0.33333333333333D+00  0.50000000000000D+00
           -0.33333333333333D+00 -0.33333333333333D+00 -0.41666666666667D+00
           -0.25000000000000D+00 -0.33333333333333D+00 -0.33333333333333D+00
           -0.16666666666667D+00 -0.33333333333333D+00 -0.25000000000000D+00
           -0.83333333333334D-01 -0.33333333333333D+00 -0.16666666666667D+00
            0.00000000000000D+00 -0.25000000000000D+00  0.00000000000000D+00
            0.83333333333333D-01 -0.25000000000000D+00  0.83333333333333D-01
            0.16666666666667D+00 -0.25000000000000D+00  0.16666666666667D+00
            0.25000000000000D+00 -0.25000000000000D+00  0.25000000000000D+00
            0.33333333333333D+00 -0.25000000000000D+00  0.33333333333333D+00
            0.41666666666667D+00 -0.25000000000000D+00  0.41666666666667D+00
            0.50000000000000D+00 -0.25000000000000D+00  0.50000000000000D+00
           -0.41666666666667D+00 -0.25000000000000D+00 -0.41666666666667D+00
           -0.33333333333333D+00 -0.25000000000000D+00 -0.33333333333333D+00
           -0.25000000000000D+00 -0.25000000000000D+00 -0.25000000000000D+00
           -0.16666666666667D+00 -0.25000000000000D+00 -0.16666666666667D+00
           -0.83333333333334D-01 -0.25000000000000D+00 -0.83333333333334D-01
            0.00000000000000D+00 -0.16666666666667D+00  0.83333333333333D-01
            0.83333333333333D-01 -0.16666666666667D+00  0.16666666666667D+00
            0.16666666666667D+00 -0.16666666666667D+00  0.25000000000000D+00
            0.25000000000000D+00 -0.16666666666667D+00  0.33333333333333D+00
            0.33333333333333D+00 -0.16666666666667D+00  0.41666666666667D+00
            0.41666666666667D+00 -0.16666666666667D+00  0.50000000000000D+00
            0.50000000000000D+00 -0.16666666666667D+00 -0.41666666666667D+00
           -0.41666666666667D+00 -0.16666666666667D+00 -0.33333333333333D+00
           -0.33333333333333D+00 -0.16666666666667D+00 -0.25000000000000D+00
           -0.25000000000000D+00 -0.16666666666667D+00 -0.16666666666667D+00
           -0.16666666666667D+00 -0.16666666666667D+00 -0.83333333333334D-01
            0.00000000000000D+00 -0.83333333333334D-01  0.16666666666667D+00
            0.83333333333333D-01 -0.83333333333334D-01  0.25000000000000D+00
            0.16666666666667D+00 -0.83333333333334D-01  0.33333333333333D+00
            0.25000000000000D+00 -0.83333333333334D-01  0.41666666666667D+00
            0.33333333333333D+00 -0.83333333333334D-01  0.50000000000000D+00
            0.41666666666667D+00 -0.83333333333334D-01 -0.41666666666667D+00
            0.50000000000000D+00 -0.83333333333334D-01 -0.33333333333333D+00
           -0.41666666666667D+00 -0.83333333333334D-01 -0.25000000000000D+00
           -0.33333333333333D+00 -0.83333333333334D-01 -0.16666666666667D+00
           -0.25000000000000D+00 -0.83333333333334D-01 -0.83333333333334D-01
           -0.41666666666667D+00  0.00000000000000D+00  0.00000000000000D+00
           -0.33333333333333D+00  0.00000000000000D+00  0.83333333333333D-01
           -0.25000000000000D+00  0.00000000000000D+00  0.16666666666667D+00
           -0.16666666666667D+00  0.00000000000000D+00  0.25000000000000D+00
           -0.83333333333334D-01  0.00000000000000D+00  0.33333333333333D+00
           -0.41666666666667D+00  0.83333333333333D-01  0.83333333333333D-01
           -0.33333333333333D+00  0.83333333333333D-01  0.16666666666667D+00
           -0.25000000000000D+00  0.83333333333333D-01  0.25000000000000D+00
           -0.16666666666667D+00  0.83333333333333D-01  0.33333333333333D+00
           -0.83333333333334D-01  0.83333333333333D-01  0.41666666666667D+00
            0.50000000000000D+00  0.16666666666667D+00  0.83333333333333D-01
           -0.41666666666667D+00  0.16666666666667D+00  0.16666666666667D+00
           -0.33333333333333D+00  0.16666666666667D+00  0.25000000000000D+00
           -0.25000000000000D+00  0.16666666666667D+00  0.33333333333333D+00
           -0.16666666666667D+00  0.16666666666667D+00  0.41666666666667D+00
           -0.83333333333334D-01  0.16666666666667D+00  0.50000000000000D+00
            0.41666666666667D+00  0.25000000000000D+00  0.83333333333333D-01
            0.50000000000000D+00  0.25000000000000D+00  0.16666666666667D+00
           -0.41666666666667D+00  0.25000000000000D+00  0.25000000000000D+00
           -0.33333333333333D+00  0.25000000000000D+00  0.33333333333333D+00
           -0.25000000000000D+00  0.25000000000000D+00  0.41666666666667D+00
           -0.16666666666667D+00  0.25000000000000D+00  0.50000000000000D+00
           -0.83333333333334D-01  0.25000000000000D+00 -0.41666666666667D+00
            0.33333333333333D+00  0.33333333333333D+00  0.83333333333333D-01
            0.41666666666667D+00  0.33333333333333D+00  0.16666666666667D+00
            0.50000000000000D+00  0.33333333333333D+00  0.25000000000000D+00
           -0.41666666666667D+00  0.33333333333333D+00  0.33333333333333D+00
           -0.33333333333333D+00  0.33333333333333D+00  0.41666666666667D+00
           -0.25000000000000D+00  0.33333333333333D+00  0.50000000000000D+00
           -0.16666666666667D+00  0.33333333333333D+00 -0.41666666666667D+00
           -0.83333333333334D-01  0.33333333333333D+00 -0.33333333333333D+00
            0.25000000000000D+00  0.41666666666667D+00  0.83333333333333D-01
            0.33333333333333D+00  0.41666666666667D+00  0.16666666666667D+00
            0.41666666666667D+00  0.41666666666667D+00  0.25000000000000D+00
            0.50000000000000D+00  0.41666666666667D+00  0.33333333333333D+00
           -0.41666666666667D+00  0.41666666666667D+00  0.41666666666667D+00
           -0.33333333333333D+00  0.41666666666667D+00  0.50000000000000D+00
           -0.25000000000000D+00  0.41666666666667D+00 -0.41666666666667D+00
           -0.16666666666667D+00  0.41666666666667D+00 -0.33333333333333D+00
           -0.83333333333334D-01  0.41666666666667D+00 -0.25000000000000D+00
            0.16666666666667D+00  0.50000000000000D+00  0.83333333333333D-01
            0.25000000000000D+00  0.50000000000000D+00  0.16666666666667D+00
            0.33333333333333D+00  0.50000000000000D+00  0.25000000000000D+00
            0.41666666666667D+00  0.50000000000000D+00  0.33333333333333D+00
            0.50000000000000D+00  0.50000000000000D+00  0.41666666666667D+00
           -0.41666666666667D+00  0.50000000000000D+00  0.50000000000000D+00
           -0.33333333333333D+00  0.50000000000000D+00 -0.41666666666667D+00
           -0.25000000000000D+00  0.50000000000000D+00 -0.33333333333333D+00
           -0.16666666666667D+00  0.50000000000000D+00 -0.25000000000000D+00
           -0.83333333333334D-01  0.50000000000000D+00 -0.16666666666667D+00
            0.00000000000000D+00 -0.41666666666667D+00  0.00000000000000D+00
            0.83333333333333D-01 -0.41666666666667D+00  0.83333333333333D-01
            0.16666666666667D+00 -0.41666666666667D+00  0.16666666666667D+00
            0.25000000000000D+00 -0.41666666666667D+00  0.25000000000000D+00
            0.33333333333333D+00 -0.41666666666667D+00  0.33333333333333D+00
            0.41666666666667D+00 -0.41666666666667D+00  0.41666666666667D+00
            0.50000000000000D+00 -0.41666666666667D+00  0.50000000000000D+00
           -0.41666666666667D+00 -0.41666666666667D+00 -0.41666666666667D+00
           -0.33333333333333D+00 -0.41666666666667D+00 -0.33333333333333D+00
           -0.25000000000000D+00 -0.41666666666667D+00 -0.25000000000000D+00
           -0.16666666666667D+00 -0.41666666666667D+00 -0.16666666666667D+00
           -0.83333333333334D-01 -0.41666666666667D+00 -0.83333333333334D-01
            0.00000000000000D+00 -0.33333333333333D+00  0.83333333333333D-01
            0.83333333333333D-01 -0.33333333333333D+00  0.16666666666667D+00
            0.16666666666667D+00 -0.33333333333333D+00  0.25000000000000D+00
            0.25000000000000D+00 -0.33333333333333D+00  0.33333333333333D+00
            0.33333333333333D+00 -0.33333333333333D+00  0.41666666666667D+00
            0.41666666666667D+00 -0.33333333333333D+00  0.50000000000000D+00
            0.50000000000000D+00 -0.33333333333333D+00 -0.41666666666667D+00
           -0.41666666666667D+00 -0.33333333333333D+00 -0.33333333333333D+00
           -0.33333333333333D+00 -0.33333333333333D+00 -0.25000000000000D+00
           -0.25000000000000D+00 -0.33333333333333D+00 -0.16666666666667D+00
           -0.16666666666667D+00 -0.33333333333333D+00 -0.83333333333334D-01
            0.00000000000000D+00 -0.25000000000000D+00  0.16666666666667D+00
            0.83333333333333D-01 -0.25000000000000D+00  0.25000000000000D+00
            0.16666666666667D+00 -0.25000000000000D+00  0.33333333333333D+00
            0.25000000000000D+00 -0.25000000000000D+00  0.41666666666667D+00
            0.33333333333333D+00 -0.25000000000000D+00  0.50000000000000D+00
            0.41666666666667D+00 -0.25000000000000D+00 -0.41666666666667D+00
            0.50000000000000D+00 -0.25000000000000D+00 -0.33333333333333D+00
           -0.41666666666667D+00 -0.25000000000000D+00 -0.25000000000000D+00
           -0.33333333333333D+00 -0.25000000000000D+00 -0.16666666666667D+00
           -0.25000000000000D+00 -0.25000000000000D+00 -0.83333333333334D-01
            0.00000000000000D+00 -0.16666666666667D+00  0.25000000000000D+00
            0.83333333333333D-01 -0.16666666666667D+00  0.33333333333333D+00
            0.16666666666667D+00 -0.16666666666667D+00  0.41666666666667D+00
            0.25000000000000D+00 -0.16666666666667D+00  0.50000000000000D+00
            0.33333333333333D+00 -0.16666666666667D+00 -0.41666666666667D+00
            0.41666666666667D+00 -0.16666666666667D+00 -0.33333333333333D+00
            0.50000000000000D+00 -0.16666666666667D+00 -0.25000000000000D+00
           -0.41666666666667D+00 -0.16666666666667D+00 -0.16666666666667D+00
           -0.33333333333333D+00 -0.16666666666667D+00 -0.83333333333334D-01
            0.00000000000000D+00 -0.83333333333334D-01  0.33333333333333D+00
            0.83333333333333D-01 -0.83333333333334D-01  0.41666666666667D+00
            0.16666666666667D+00 -0.83333333333334D-01  0.50000000000000D+00
            0.25000000000000D+00 -0.83333333333334D-01 -0.41666666666667D+00
            0.33333333333333D+00 -0.83333333333334D-01 -0.33333333333333D+00
            0.41666666666667D+00 -0.83333333333334D-01 -0.25000000000000D+00
            0.50000000000000D+00 -0.83333333333334D-01 -0.16666666666667D+00
           -0.41666666666667D+00 -0.83333333333334D-01 -0.83333333333334D-01
            0.50000000000000D+00  0.00000000000000D+00  0.83333333333333D-01
           -0.41666666666667D+00  0.00000000000000D+00  0.16666666666667D+00
           -0.33333333333333D+00  0.00000000000000D+00  0.25000000000000D+00
           -0.25000000000000D+00  0.00000000000000D+00  0.33333333333333D+00
           -0.16666666666667D+00  0.00000000000000D+00  0.41666666666667D+00
           -0.83333333333334D-01  0.00000000000000D+00  0.50000000000000D+00
            0.00000000000000D+00  0.50000000000000D+00  0.83333333333333D-01
            0.00000000000000D+00 -0.41666666666667D+00  0.16666666666667D+00
            0.00000000000000D+00 -0.33333333333333D+00  0.25000000000000D+00
            0.00000000000000D+00 -0.25000000000000D+00  0.33333333333333D+00
            0.00000000000000D+00 -0.16666666666667D+00  0.41666666666667D+00
            0.00000000000000D+00 -0.83333333333334D-01  0.50000000000000D+00
            0.33333333333333D+00  0.00000000000000D+00  0.83333333333333D-01
            0.41666666666667D+00  0.00000000000000D+00  0.16666666666667D+00
            0.50000000000000D+00  0.00000000000000D+00  0.25000000000000D+00
           -0.41666666666667D+00  0.00000000000000D+00  0.33333333333333D+00
           -0.33333333333333D+00  0.00000000000000D+00  0.41666666666667D+00
           -0.25000000000000D+00  0.00000000000000D+00  0.50000000000000D+00
           -0.16666666666667D+00  0.00000000000000D+00 -0.41666666666667D+00
           -0.83333333333334D-01  0.00000000000000D+00 -0.33333333333333D+00
            0.00000000000000D+00  0.33333333333333D+00  0.83333333333333D-01
            0.00000000000000D+00  0.41666666666667D+00  0.16666666666667D+00
            0.00000000000000D+00  0.50000000000000D+00  0.25000000000000D+00
            0.00000000000000D+00 -0.41666666666667D+00  0.33333333333333D+00
            0.00000000000000D+00 -0.33333333333333D+00  0.41666666666667D+00
            0.00000000000000D+00 -0.25000000000000D+00  0.50000000000000D+00
            0.00000000000000D+00 -0.16666666666667D+00 -0.41666666666667D+00
            0.00000000000000D+00 -0.83333333333334D-01 -0.33333333333333D+00
            0.16666666666667D+00  0.00000000000000D+00  0.83333333333333D-01
            0.25000000000000D+00  0.00000000000000D+00  0.16666666666667D+00
            0.33333333333333D+00  0.00000000000000D+00  0.25000000000000D+00
            0.41666666666667D+00  0.00000000000000D+00  0.33333333333333D+00
            0.50000000000000D+00  0.00000000000000D+00  0.41666666666667D+00
           -0.41666666666667D+00  0.00000000000000D+00  0.50000000000000D+00
           -0.33333333333333D+00  0.00000000000000D+00 -0.41666666666667D+00
           -0.25000000000000D+00  0.00000000000000D+00 -0.33333333333333D+00
           -0.16666666666667D+00  0.00000000000000D+00 -0.25000000000000D+00
           -0.83333333333334D-01  0.00000000000000D+00 -0.16666666666667D+00
            0.00000000000000D+00  0.16666666666667D+00  0.83333333333333D-01
            0.00000000000000D+00  0.25000000000000D+00  0.16666666666667D+00
            0.00000000000000D+00  0.33333333333333D+00  0.25000000000000D+00
            0.00000000000000D+00  0.41666666666667D+00  0.33333333333333D+00
            0.00000000000000D+00  0.50000000000000D+00  0.41666666666667D+00
            0.00000000000000D+00 -0.41666666666667D+00  0.50000000000000D+00
            0.00000000000000D+00 -0.33333333333333D+00 -0.41666666666667D+00
            0.00000000000000D+00 -0.25000000000000D+00 -0.33333333333333D+00
            0.00000000000000D+00 -0.16666666666667D+00 -0.25000000000000D+00
            0.00000000000000D+00 -0.83333333333334D-01 -0.16666666666667D+00
            0.00000000000000D+00  0.00000000000000D+00  0.83333333333333D-01
            0.00000000000000D+00  0.00000000000000D+00  0.25000000000000D+00
            0.00000000000000D+00  0.00000000000000D+00  0.41666666666667D+00
    kptnrm  0.10000000000000D+01
     ngfft        12   12   12
    nspden         1
   nspinor         1
       occ  0.20000000000000D+01  0.20000000000000D+01  0.20000000000000D+01
            0.20000000000000D+01  0.00000000000000D+00  0.00000000000000D+00
     rprim  0.00000000000000D+00  0.50000000000000D+00  0.50000000000000D+00
            0.50000000000000D+00  0.00000000000000D+00  0.50000000000000D+00
            0.50000000000000D+00  0.50000000000000D+00  0.00000000000000D+00
  dfpt_sciss  0.00000000000000D+00
    spinat  0.00000000000000D+00  0.00000000000000D+00  0.00000000000000D+00
            0.00000000000000D+00  0.00000000000000D+00  0.00000000000000D+00
    symafm         1    1    1    1    1    1    1    1    1    1    1    1
                   1    1    1    1    1    1    1    1    1    1    1    1
    symrel         1    0    0    0    1    0    0    0    1
                   0   -1    1    0   -1    0    1   -1    0
                  -1    0    0   -1    0    1   -1    1    0
                   0    1   -1    1    0   -1    0    0   -1
                  -1    0    0   -1    1    0   -1    0    1
                   0   -1    1    1   -1    0    0   -1    0
                   1    0    0    0    0    1    0    1    0
                   0    1   -1    0    0   -1    1    0   -1
                  -1    0    1   -1    1    0   -1    0    0
                   0   -1    0    1   -1    0    0   -1    1
                   1    0   -1    0    0   -1    0    1   -1
                   0    1    0    0    0    1    1    0    0
                   1    0   -1    0    1   -1    0    0   -1
                   0   -1    0    0   -1    1    1   -1    0
                  -1    0    1   -1    0    0   -1    1    0
                   0    1    0    1    0    0    0    0    1
                   0    0   -1    0    1   -1    1    0   -1
                   1   -1    0    0   -1    1    0   -1    0
                   0    0    1    1    0    0    0    1    0
                  -1    1    0   -1    0    0   -1    0    1
                   0    0    1    0    1    0    1    0    0
                   1   -1    0    0   -1    0    0   -1    1
                   0    0   -1    1    0   -1    0    1   -1
                  -1    1    0   -1    0    1   -1    0    0
     tnons  0.00000000000000D+00  0.00000000000000D+00  0.00000000000000D+00
            0.00000000000000D+00  0.00000000000000D+00  0.00000000000000D+00
            0.00000000000000D+00  0.00000000000000D+00  0.00000000000000D+00
            0.00000000000000D+00  0.00000000000000D+00  0.00000000000000D+00
            0.00000000000000D+00  0.00000000000000D+00  0.00000000000000D+00
            0.00000000000000D+00  0.00000000000000D+00  0.00000000000000D+00
            0.00000000000000D+00  0.00000000000000D+00  0.00000000000000D+00
            0.00000000000000D+00  0.00000000000000D+00  0.00000000000000D+00
            0.00000000000000D+00  0.00000000000000D+00  0.00000000000000D+00
            0.00000000000000D+00  0.00000000000000D+00  0.00000000000000D+00
            0.00000000000000D+00  0.00000000000000D+00  0.00000000000000D+00
            0.00000000000000D+00  0.00000000000000D+00  0.00000000000000D+00
            0.00000000000000D+00  0.00000000000000D+00  0.00000000000000D+00
            0.00000000000000D+00  0.00000000000000D+00  0.00000000000000D+00
            0.00000000000000D+00  0.00000000000000D+00  0.00000000000000D+00
            0.00000000000000D+00  0.00000000000000D+00  0.00000000000000D+00
            0.00000000000000D+00  0.00000000000000D+00  0.00000000000000D+00
            0.00000000000000D+00  0.00000000000000D+00  0.00000000000000D+00
            0.00000000000000D+00  0.00000000000000D+00  0.00000000000000D+00
            0.00000000000000D+00  0.00000000000000D+00  0.00000000000000D+00
            0.00000000000000D+00  0.00000000000000D+00  0.00000000000000D+00
            0.00000000000000D+00  0.00000000000000D+00  0.00000000000000D+00
            0.00000000000000D+00  0.00000000000000D+00  0.00000000000000D+00
            0.00000000000000D+00  0.00000000000000D+00  0.00000000000000D+00
    tolwfr  0.10000000000000D+01
   tphysel  0.00000000000000D+00
    tsmear  0.10000000000000D-01
     typat         1    2
       wtk  0.23148148148148D-02  0.23148148148148D-02  0.23148148148148D-02
            0.23148148148148D-02  0.23148148148148D-02  0.23148148148148D-02
            0.23148148148148D-02  0.23148148148148D-02  0.23148148148148D-02
            0.23148148148148D-02  0.23148148148148D-02  0.23148148148148D-02
            0.23148148148148D-02  0.23148148148148D-02  0.23148148148148D-02
            0.23148148148148D-02  0.23148148148148D-02  0.23148148148148D-02
            0.23148148148148D-02  0.23148148148148D-02  0.23148148148148D-02
            0.23148148148148D-02  0.23148148148148D-02  0.23148148148148D-02
            0.23148148148148D-02  0.23148148148148D-02  0.23148148148148D-02
            0.23148148148148D-02  0.23148148148148D-02  0.23148148148148D-02
            0.23148148148148D-02  0.23148148148148D-02  0.23148148148148D-02
            0.23148148148148D-02  0.23148148148148D-02  0.23148148148148D-02
            0.23148148148148D-02  0.23148148148148D-02  0.23148148148148D-02
            0.23148148148148D-02  0.23148148148148D-02  0.23148148148148D-02
            0.23148148148148D-02  0.23148148148148D-02  0.23148148148148D-02
            0.23148148148148D-02  0.23148148148148D-02  0.23148148148148D-02
            0.23148148148148D-02  0.23148148148148D-02  0.23148148148148D-02
            0.23148148148148D-02  0.23148148148148D-02  0.23148148148148D-02
            0.23148148148148D-02  0.23148148148148D-02  0.23148148148148D-02
            0.23148148148148D-02  0.23148148148148D-02  0.23148148148148D-02
            0.23148148148148D-02  0.23148148148148D-02  0.23148148148148D-02
            0.23148148148148D-02  0.23148148148148D-02  0.23148148148148D-02
            0.23148148148148D-02  0.23148148148148D-02  0.23148148148148D-02
            0.23148148148148D-02  0.23148148148148D-02  0.23148148148148D-02
            0.23148148148148D-02  0.23148148148148D-02  0.23148148148148D-02
            0.23148148148148D-02  0.23148148148148D-02  0.23148148148148D-02
            0.23148148148148D-02  0.23148148148148D-02  0.23148148148148D-02
            0.23148148148148D-02  0.23148148148148D-02  0.23148148148148D-02
            0.23148148148148D-02  0.23148148148148D-02  0.23148148148148D-02
            0.23148148148148D-02  0.23148148148148D-02  0.23148148148148D-02
            0.23148148148148D-02  0.23148148148148D-02  0.23148148148148D-02
            0.23148148148148D-02  0.23148148148148D-02  0.23148148148148D-02
            0.23148148148148D-02  0.23148148148148D-02  0.23148148148148D-02
            0.23148148148148D-02  0.23148148148148D-02  0.23148148148148D-02
            0.23148148148148D-02  0.23148148148148D-02  0.23148148148148D-02
            0.23148148148148D-02  0.23148148148148D-02  0.23148148148148D-02
            0.23148148148148D-02  0.23148148148148D-02  0.23148148148148D-02
            0.23148148148148D-02  0.23148148148148D-02  0.23148148148148D-02
            0.23148148148148D-02  0.23148148148148D-02  0.23148148148148D-02
            0.23148148148148D-02  0.23148148148148D-02  0.23148148148148D-02
            0.23148148148148D-02  0.23148148148148D-02  0.23148148148148D-02
            0.23148148148148D-02  0.23148148148148D-02  0.23148148148148D-02
            0.23148148148148D-02  0.23148148148148D-02  0.23148148148148D-02
            0.23148148148148D-02  0.23148148148148D-02  0.23148148148148D-02
            0.23148148148148D-02  0.23148148148148D-02  0.23148148148148D-02
            0.23148148148148D-02  0.23148148148148D-02  0.23148148148148D-02
            0.23148148148148D-02  0.23148148148148D-02  0.23148148148148D-02
            0.23148148148148D-02  0.23148148148148D-02  0.23148148148148D-02
            0.23148148148148D-02  0.23148148148148D-02  0.23148148148148D-02
            0.23148148148148D-02  0.23148148148148D-02  0.23148148148148D-02
            0.23148148148148D-02  0.23148148148148D-02  0.23148148148148D-02
            0.23148148148148D-02  0.23148148148148D-02  0.23148148148148D-02
            0.23148148148148D-02  0.23148148148148D-02  0.23148148148148D-02
            0.23148148148148D-02  0.23148148148148D-02  0.23148148148148D-02
            0.23148148148148D-02  0.23148148148148D-02  0.23148148148148D-02
            0.23148148148148D-02  0.23148148148148D-02  0.23148148148148D-02
            0.23148148148148D-02  0.23148148148148D-02  0.23148148148148D-02
            0.23148148148148D-02  0.23148148148148D-02  0.23148148148148D-02
            0.23148148148148D-02  0.23148148148148D-02  0.23148148148148D-02
            0.23148148148148D-02  0.23148148148148D-02  0.23148148148148D-02
            0.23148148148148D-02  0.23148148148148D-02  0.23148148148148D-02
            0.23148148148148D-02  0.23148148148148D-02  0.23148148148148D-02
            0.23148148148148D-02  0.23148148148148D-02  0.23148148148148D-02
            0.23148148148148D-02  0.23148148148148D-02  0.23148148148148D-02
            0.23148148148148D-02  0.23148148148148D-02  0.23148148148148D-02
            0.23148148148148D-02  0.23148148148148D-02  0.23148148148148D-02
            0.23148148148148D-02  0.23148148148148D-02  0.23148148148148D-02
            0.23148148148148D-02  0.23148148148148D-02  0.23148148148148D-02
            0.23148148148148D-02  0.23148148148148D-02  0.23148148148148D-02
            0.23148148148148D-02  0.23148148148148D-02  0.23148148148148D-02
            0.23148148148148D-02  0.23148148148148D-02  0.23148148148148D-02
            0.23148148148148D-02  0.23148148148148D-02  0.23148148148148D-02
            0.23148148148148D-02  0.23148148148148D-02  0.23148148148148D-02
            0.23148148148148D-02  0.23148148148148D-02  0.23148148148148D-02
            0.23148148148148D-02  0.23148148148148D-02  0.23148148148148D-02
            0.23148148148148D-02  0.23148148148148D-02  0.23148148148148D-02
            0.23148148148148D-02  0.23148148148148D-02  0.23148148148148D-02
            0.23148148148148D-02  0.23148148148148D-02  0.23148148148148D-02
            0.23148148148148D-02  0.23148148148148D-02  0.23148148148148D-02
            0.23148148148148D-02  0.23148148148148D-02  0.23148148148148D-02
            0.23148148148148D-02  0.23148148148148D-02  0.23148148148148D-02
            0.23148148148148D-02  0.23148148148148D-02  0.23148148148148D-02
            0.23148148148148D-02  0.23148148148148D-02  0.23148148148148D-02
            0.23148148148148D-02  0.23148148148148D-02  0.23148148148148D-02
            0.23148148148148D-02  0.23148148148148D-02  0.23148148148148D-02
            0.23148148148148D-02  0.23148148148148D-02  0.23148148148148D-02
            0.23148148148148D-02  0.23148148148148D-02  0.23148148148148D-02
            0.23148148148148D-02  0.23148148148148D-02  0.23148148148148D-02
            0.23148148148148D-02  0.23148148148148D-02  0.23148148148148D-02
            0.23148148148148D-02  0.23148148148148D-02  0.23148148148148D-02
            0.23148148148148D-02  0.23148148148148D-02  0.23148148148148D-02
            0.23148148148148D-02  0.23148148148148D-02  0.23148148148148D-02
            0.23148148148148D-02  0.23148148148148D-02  0.23148148148148D-02
            0.23148148148148D-02  0.23148148148148D-02  0.23148148148148D-02
            0.23148148148148D-02  0.23148148148148D-02  0.23148148148148D-02
            0.23148148148148D-02  0.23148148148148D-02  0.23148148148148D-02
            0.23148148148148D-02  0.23148148148148D-02  0.23148148148148D-02
            0.23148148148148D-02  0.23148148148148D-02  0.23148148148148D-02
            0.23148148148148D-02  0.23148148148148D-02  0.23148148148148D-02
            0.23148148148148D-02  0.23148148148148D-02  0.23148148148148D-02
            0.23148148148148D-02  0.23148148148148D-02  0.23148148148148D-02
            0.23148148148148D-02  0.23148148148148D-02  0.23148148148148D-02
            0.23148148148148D-02  0.23148148148148D-02  0.23148148148148D-02
            0.23148148148148D-02  0.23148148148148D-02  0.23148148148148D-02
            0.23148148148148D-02  0.23148148148148D-02  0.23148148148148D-02
            0.23148148148148D-02  0.23148148148148D-02  0.23148148148148D-02
            0.23148148148148D-02  0.23148148148148D-02  0.23148148148148D-02
            0.23148148148148D-02  0.23148148148148D-02  0.23148148148148D-02
            0.23148148148148D-02  0.23148148148148D-02  0.23148148148148D-02
            0.23148148148148D-02  0.23148148148148D-02  0.23148148148148D-02
            0.23148148148148D-02  0.23148148148148D-02  0.23148148148148D-02
            0.23148148148148D-02  0.23148148148148D-02  0.23148148148148D-02
            0.23148148148148D-02  0.23148148148148D-02  0.23148148148148D-02
            0.23148148148148D-02  0.23148148148148D-02  0.23148148148148D-02
            0.23148148148148D-02  0.23148148148148D-02  0.23148148148148D-02
            0.23148148148148D-02  0.23148148148148D-02  0.23148148148148D-02
            0.23148148148148D-02  0.23148148148148D-02  0.23148148148148D-02
            0.23148148148148D-02  0.23148148148148D-02  0.23148148148148D-02
            0.23148148148148D-02  0.23148148148148D-02  0.23148148148148D-02
            0.23148148148148D-02  0.23148148148148D-02  0.23148148148148D-02
            0.23148148148148D-02  0.23148148148148D-02  0.23148148148148D-02
            0.23148148148148D-02  0.23148148148148D-02  0.23148148148148D-02
            0.23148148148148D-02  0.23148148148148D-02  0.23148148148148D-02
            0.23148148148148D-02  0.23148148148148D-02  0.23148148148148D-02
            0.23148148148148D-02  0.23148148148148D-02  0.23148148148148D-02
            0.23148148148148D-02  0.23148148148148D-02  0.23148148148148D-02
            0.23148148148148D-02  0.23148148148148D-02  0.23148148148148D-02
            0.23148148148148D-02  0.23148148148148D-02  0.23148148148148D-02
            0.23148148148148D-02  0.23148148148148D-02  0.23148148148148D-02
            0.23148148148148D-02  0.23148148148148D-02  0.23148148148148D-02
            0.23148148148148D-02  0.23148148148148D-02  0.23148148148148D-02
            0.23148148148148D-02  0.23148148148148D-02  0.23148148148148D-02
            0.23148148148148D-02  0.23148148148148D-02  0.23148148148148D-02
            0.23148148148148D-02  0.23148148148148D-02  0.23148148148148D-02
            0.23148148148148D-02  0.23148148148148D-02  0.23148148148148D-02
            0.23148148148148D-02  0.23148148148148D-02  0.23148148148148D-02
            0.23148148148148D-02  0.23148148148148D-02  0.23148148148148D-02
            0.23148148148148D-02  0.23148148148148D-02  0.23148148148148D-02
            0.23148148148148D-02  0.23148148148148D-02  0.23148148148148D-02
            0.23148148148148D-02  0.23148148148148D-02  0.23148148148148D-02
            0.23148148148148D-02  0.23148148148148D-02  0.23148148148148D-02
            0.23148148148148D-02  0.23148148148148D-02  0.23148148148148D-02
            0.23148148148148D-02  0.23148148148148D-02  0.23148148148148D-02
            0.23148148148148D-02  0.23148148148148D-02  0.23148148148148D-02
      xred  0.00000000000000D+00  0.00000000000000D+00  0.00000000000000D+00
            0.25000000000000D+00  0.25000000000000D+00  0.25000000000000D+00
     znucl  0.13000000000000D+02  0.33000000000000D+02
      zion  0.30000000000000D+01  0.50000000000000D+01
 
  Description of the potentials (KB energies)
  vrsio8 (for pseudopotentials)=100401
  usepaw =  0
  dimekb =  2       lmnmax=  2
  Atom type=    1   pspso=  0   nekb=   2
  iln lpsang iproj  ekb(:)
     1     0     1     2.5406576E+00  0.0000000E+00
     2     1     1     0.0000000E+00  1.3538152E+00
  Atom type=    2   pspso=  0   nekb=   1
  iln lpsang iproj  ekb(:)
     1     0     1     8.3875106E-01
 
 **** Database of total energy derivatives ****
 Number of data blocks=    4
  
 2nd derivatives (non-stat.)  - # elements :      81
 qpt  0.00000000E+00  0.00000000E+00  0.00000000E+00   1.0
   1   1   1   1  0.56805300040833D+01  0.00000000000000D+00
   2   1   1   1  0.28402650020417D+01  0.00000000000000D+00
   3   1   1   1  0.28402650020417D+01  0.00000000000000D+00
   1   2   1   1 -0.56804698369636D+01  0.10609217861247D-16
   2   2   1   1 -0.28402349184818D+01 -0.35039621455785D-17
   3   2   1   1 -0.28402349184818D+01 -0.92150060590420D-17
   1   4   1   1 -0.60133660025660D+01  0.00000000000000D+00
   2   4   1   1  0.19471135603020D-17  0.00000000000000D+00
   3   4   1   1  0.85844027218000D-17  0.00000000000000D+00
   1   1   2   1  0.28402650020417D+01  0.00000000000000D+00
   2   1   2   1  0.56805300040833D+01  0.00000000000000D+00
   3   1   2   1  0.28402650020417D+01  0.00000000000000D+00
   1   2   2   1 -0.28402349184818D+01 -0.35039621455785D-17
   2   2   2   1 -0.56804698369636D+01 -0.16526290774893D-16
   3   2   2   1 -0.28402349184818D+01 -0.48594791785981D-17
   1   4   2   1 -0.37007434154172D-16  0.00000000000000D+00
   2   4   2   1 -0.60133660025660D+01  0.00000000000000D+00
   3   4   2   1 -0.46843579365504D-17  0.00000000000000D+00
   1   1   3   1  0.28402650020417D+01  0.00000000000000D+00
   2   1   3   1  0.28402650020417D+01  0.00000000000000D+00
   3   1   3   1  0.56805300040833D+01  0.00000000000000D+00
   1   2   3   1 -0.28402349184818D+01 -0.92150060590420D-17
   2   2   3   1 -0.28402349184818D+01 -0.48594791785981D-17
   3   2   3   1 -0.56804698369636D+01 -0.15165218974469D-17
   1   4   3   1  0.00000000000000D+00  0.00000000000000D+00
   2   4   3   1  0.12518965702313D-16  0.00000000000000D+00
   3   4   3   1 -0.60133660025660D+01  0.00000000000000D+00
   1   1   1   2 -0.56804700546565D+01 -0.10609217861247D-16
   2   1   1   2 -0.28402350273283D+01  0.35039621455785D-17
   3   1   1   2 -0.28402350273283D+01  0.92150060590420D-17
   1   2   1   2  0.56805544860013D+01  0.00000000000000D+00
   2   2   1   2  0.28402772430007D+01  0.00000000000000D+00
   3   2   1   2  0.28402772430007D+01  0.00000000000000D+00
   1   4   1   2 -0.44276052948569D+02  0.00000000000000D+00
   2   4   1   2  0.99270959935675D-16  0.00000000000000D+00
   3   4   1   2  0.11678809514619D-16  0.00000000000000D+00
   1   1   2   2 -0.28402350273283D+01  0.35039621455785D-17
   2   1   2   2 -0.56804700546565D+01  0.16526290774893D-16
   3   1   2   2 -0.28402350273283D+01  0.48594791785981D-17
   1   2   2   2  0.28402772430007D+01  0.00000000000000D+00
   2   2   2   2  0.56805544860013D+01  0.00000000000000D+00
   3   2   2   2  0.28402772430007D+01  0.00000000000000D+00
   1   4   2   2  0.00000000000000D+00  0.00000000000000D+00
   2   4   2   2 -0.44276052948569D+02  0.00000000000000D+00
   3   4   2   2 -0.24481481360192D-15  0.00000000000000D+00
   1   1   3   2 -0.28402350273283D+01  0.92150060590420D-17
   2   1   3   2 -0.28402350273283D+01  0.48594791785981D-17
   3   1   3   2 -0.56804700546565D+01  0.15165218974469D-17
   1   2   3   2  0.28402772430007D+01  0.00000000000000D+00
   2   2   3   2  0.28402772430007D+01  0.00000000000000D+00
   3   2   3   2  0.56805544860013D+01  0.00000000000000D+00
   1   4   3   2  0.00000000000000D+00  0.00000000000000D+00
   2   4   3   2  0.91195149827426D-17  0.00000000000000D+00
   3   4   3   2 -0.44276052948569D+02  0.00000000000000D+00
   1   1   1   4 -0.60133660269223D+01  0.00000000000000D+00
   2   1   1   4  0.00000000000000D+00  0.00000000000000D+00
   3   1   1   4 -0.37007434154172D-16  0.00000000000000D+00
   1   2   1   4 -0.44276052958226D+02  0.00000000000000D+00
   2   2   1   4  0.00000000000000D+00  0.00000000000000D+00
   3   2   1   4  0.00000000000000D+00  0.00000000000000D+00
   1   4   1   4 -0.20349763093986D+03  0.00000000000000D+00
   2   4   1   4  0.67832543646620D+02  0.00000000000000D+00
   3   4   1   4  0.67832543646620D+02  0.00000000000000D+00
   1   1   2   4 -0.29357758197222D-16  0.00000000000000D+00
   2   1   2   4 -0.60133660269223D+01  0.00000000000000D+00
   3   1   2   4  0.27443913459879D-16  0.00000000000000D+00
   1   2   2   4 -0.17667284375280D-15  0.00000000000000D+00
   2   2   2   4 -0.44276052958226D+02  0.00000000000000D+00
   3   2   2   4  0.17682671525273D-15  0.00000000000000D+00
   1   4   2   4  0.67832543646620D+02  0.00000000000000D+00
   2   4   2   4 -0.20349763093986D+03  0.00000000000000D+00
   3   4   2   4  0.67832543646620D+02  0.00000000000000D+00
   1   1   3   4  0.17806788082718D-16  0.00000000000000D+00
   2   1   3   4  0.35264996454272D-16  0.00000000000000D+00
   3   1   3   4 -0.60133660269223D+01  0.00000000000000D+00
   1   2   3   4 -0.13678913299367D-15  0.00000000000000D+00
   2   2   3   4 -0.40674452885241D-16  0.00000000000000D+00
   3   2   3   4 -0.44276052958226D+02  0.00000000000000D+00
   1   4   3   4  0.67832543646620D+02  0.00000000000000D+00
   2   4   3   4  0.67832543646620D+02  0.00000000000000D+00
   3   4   3   4 -0.20349763093986D+03  0.00000000000000D+00
  
 Total energy                 - # elements :       1
 -0.10085769246152D+02  0.00000000000000D+00
  
 1st derivatives              - # elements :      12
   1   1  0.00000000000000D+00  0.00000000000000D+00
   2   1  0.00000000000000D+00  0.00000000000000D+00
   3   1  0.00000000000000D+00  0.00000000000000D+00
   1   2  0.00000000000000D+00  0.00000000000000D+00
   2   2  0.00000000000000D+00  0.00000000000000D+00
   3   2  0.00000000000000D+00  0.00000000000000D+00
   1   5 -0.31110177329142D-05  0.00000000000000D+00
   2   5 -0.31110177329142D-05  0.00000000000000D+00
   3   5 -0.31110177329146D-05  0.00000000000000D+00
   1   6  0.00000000000000D+00  0.00000000000000D+00
   2   6  0.00000000000000D+00  0.00000000000000D+00
   3   6  0.00000000000000D+00  0.00000000000000D+00
  
 3rd derivatives              - # elements :     189
 qpt  0.00000000E+00  0.00000000E+00  0.00000000E+00   1.0
      0.00000000E+00  0.00000000E+00  0.00000000E+00   1.0
      0.00000000E+00  0.00000000E+00  0.00000000E+00   1.0
   1   4   1   4   1   1 -0.26103715924870D+02  0.00000000000000D+00
   2   4   1   4   1   1  0.13051857884314D+02  0.00000000000000D+00
   3   4   1   4   1   1  0.13051857884314D+02  0.00000000000000D+00
   1   4   2   4   1   1  0.13051857893700D+02  0.00000000000000D+00
   2   4   2   4   1   1  0.00000000000000D+00  0.00000000000000D+00
   3   4   2   4   1   1  0.00000000000000D+00  0.00000000000000D+00
   1   4   3   4   1   1  0.13051857893700D+02  0.00000000000000D+00
   2   4   3   4   1   1  0.00000000000000D+00  0.00000000000000D+00
   3   4   3   4   1   1  0.00000000000000D+00  0.00000000000000D+00
   1   4   1   4   2   1  0.00000000000000D+00  0.00000000000000D+00
   2   4   1   4   2   1  0.13051858021786D+02  0.00000000000000D+00
   3   4   1   4   2   1  0.00000000000000D+00  0.00000000000000D+00
   1   4   2   4   2   1  0.13051857884314D+02  0.00000000000000D+00
   2   4   2   4   2   1 -0.26103715924870D+02  0.00000000000000D+00
   3   4   2   4   2   1  0.13051857884314D+02  0.00000000000000D+00
   1   4   3   4   2   1  0.00000000000000D+00  0.00000000000000D+00
   2   4   3   4   2   1  0.13051857893700D+02  0.00000000000000D+00
   3   4   3   4   2   1  0.00000000000000D+00  0.00000000000000D+00
   1   4   1   4   3   1  0.00000000000000D+00  0.00000000000000D+00
   2   4   1   4   3   1  0.00000000000000D+00  0.00000000000000D+00
   3   4   1   4   3   1  0.13051857893700D+02  0.00000000000000D+00
   1   4   2   4   3   1  0.00000000000000D+00  0.00000000000000D+00
   2   4   2   4   3   1  0.00000000000000D+00  0.00000000000000D+00
   3   4   2   4   3   1  0.13051858021786D+02  0.00000000000000D+00
   1   4   3   4   3   1  0.13051857884314D+02  0.00000000000000D+00
   2   4   3   4   3   1  0.13051857884314D+02  0.00000000000000D+00
   3   4   3   4   3   1 -0.26103715924870D+02  0.00000000000000D+00
   1   4   1   4   1   2  0.19826420144338D+02  0.00000000000000D+00
   2   4   1   4   1   2 -0.99132101399922D+01  0.00000000000000D+00
   3   4   1   4   1   2 -0.99132101399922D+01  0.00000000000000D+00
   1   4   2   4   1   2 -0.99132101294071D+01  0.00000000000000D+00
   2   4   2   4   1   2  0.00000000000000D+00  0.00000000000000D+00
   3   4   2   4   1   2  0.00000000000000D+00  0.00000000000000D+00
   1   4   3   4   1   2 -0.99132101294071D+01  0.00000000000000D+00
   2   4   3   4   1   2  0.00000000000000D+00  0.00000000000000D+00
   3   4   3   4   1   2  0.00000000000000D+00  0.00000000000000D+00
   1   4   1   4   2   2  0.00000000000000D+00  0.00000000000000D+00
   2   4   1   4   2   2 -0.99132100255161D+01  0.00000000000000D+00
   3   4   1   4   2   2  0.00000000000000D+00  0.00000000000000D+00
   1   4   2   4   2   2 -0.99132101399922D+01  0.00000000000000D+00
   2   4   2   4   2   2  0.19826420144338D+02  0.00000000000000D+00
   3   4   2   4   2   2 -0.99132101399922D+01  0.00000000000000D+00
   1   4   3   4   2   2  0.00000000000000D+00  0.00000000000000D+00
   2   4   3   4   2   2 -0.99132101294071D+01  0.00000000000000D+00
   3   4   3   4   2   2  0.00000000000000D+00  0.00000000000000D+00
   1   4   1   4   3   2  0.00000000000000D+00  0.00000000000000D+00
   2   4   1   4   3   2  0.00000000000000D+00  0.00000000000000D+00
   3   4   1   4   3   2 -0.99132101294071D+01  0.00000000000000D+00
   1   4   2   4   3   2  0.00000000000000D+00  0.00000000000000D+00
   2   4   2   4   3   2  0.00000000000000D+00  0.00000000000000D+00
   3   4   2   4   3   2 -0.99132100255161D+01  0.00000000000000D+00
   1   4   3   4   3   2 -0.99132101399922D+01  0.00000000000000D+00
   2   4   3   4   3   2 -0.99132101399922D+01  0.00000000000000D+00
   3   4   3   4   3   2  0.19826420144338D+02  0.00000000000000D+00
   1   4   1   1   1   4 -0.51319550187605D+02  0.00000000000000D+00
   2   4   1   1   1   4  0.25659775171960D+02  0.00000000000000D+00
   3   4   1   1   1   4  0.25659775171960D+02  0.00000000000000D+00
   1   4   2   1   1   4  0.00000000000000D+00  0.00000000000000D+00
   2   4   2   1   1   4  0.25659775015645D+02  0.00000000000000D+00
   3   4   2   1   1   4  0.00000000000000D+00  0.00000000000000D+00
   1   4   3   1   1   4  0.00000000000000D+00  0.00000000000000D+00
   2   4   3   1   1   4  0.00000000000000D+00  0.00000000000000D+00
   3   4   3   1   1   4  0.25659775171960D+02  0.00000000000000D+00
   1   4   1   2   1   4  0.63626800266829D+02  0.00000000000000D+00
   2   4   1   2   1   4 -0.31813400011350D+02  0.00000000000000D+00
   3   4   1   2   1   4 -0.31813400011350D+02  0.00000000000000D+00
   1   4   2   2   1   4  0.00000000000000D+00  0.00000000000000D+00
   2   4   2   2   1   4 -0.31813400255479D+02  0.00000000000000D+00
   3   4   2   2   1   4  0.00000000000000D+00  0.00000000000000D+00
   1   4   3   2   1   4  0.00000000000000D+00  0.00000000000000D+00
   2   4   3   2   1   4  0.00000000000000D+00  0.00000000000000D+00
   3   4   3   2   1   4 -0.31813400011350D+02  0.00000000000000D+00
   1   1   1   4   1   4 -0.26103715924870D+02  0.00000000000000D+00
   2   1   1   4   1   4  0.00000000000000D+00  0.00000000000000D+00
   3   1   1   4   1   4  0.00000000000000D+00  0.00000000000000D+00
   1   2   1   4   1   4  0.19826420144338D+02  0.00000000000000D+00
   2   2   1   4   1   4  0.00000000000000D+00  0.00000000000000D+00
   3   2   1   4   1   4  0.00000000000000D+00  0.00000000000000D+00
   1   4   1   4   1   4  0.21493808553470D+03  0.00000000000000D+00
   2   4   1   4   1   4 -0.71646028402545D+02  0.00000000000000D+00
   3   4   1   4   1   4 -0.71646028156971D+02  0.00000000000000D+00
   1   1   2   4   1   4  0.13051857893700D+02  0.00000000000000D+00
   2   1   2   4   1   4  0.13051858049941D+02  0.00000000000000D+00
   3   1   2   4   1   4  0.00000000000000D+00  0.00000000000000D+00
   1   2   2   4   1   4 -0.99132101294071D+01  0.00000000000000D+00
   2   2   2   4   1   4 -0.99132099937609D+01  0.00000000000000D+00
   3   2   2   4   1   4  0.00000000000000D+00  0.00000000000000D+00
   1   4   2   4   1   4 -0.71646028645533D+02  0.00000000000000D+00
   2   4   2   4   1   4 -0.71646028399959D+02  0.00000000000000D+00
   3   4   2   4   1   4  0.71646028479992D+02  0.00000000000000D+00
   1   1   3   4   1   4  0.13051857893700D+02  0.00000000000000D+00
   2   1   3   4   1   4  0.00000000000000D+00  0.00000000000000D+00
   3   1   3   4   1   4  0.13051857884314D+02  0.00000000000000D+00
   1   2   3   4   1   4 -0.99132101294071D+01  0.00000000000000D+00
   2   2   3   4   1   4  0.00000000000000D+00  0.00000000000000D+00
   3   2   3   4   1   4 -0.99132101399922D+01  0.00000000000000D+00
   1   4   3   4   1   4 -0.71646028645533D+02  0.00000000000000D+00
   2   4   3   4   1   4  0.71646028565500D+02  0.00000000000000D+00
   3   4   3   4   1   4 -0.71646028732196D+02  0.00000000000000D+00
   1   4   1   1   2   4  0.25659775171960D+02  0.00000000000000D+00
   2   4   1   1   2   4  0.00000000000000D+00  0.00000000000000D+00
   3   4   1   1   2   4  0.00000000000000D+00  0.00000000000000D+00
   1   4   2   1   2   4  0.25659775171960D+02  0.00000000000000D+00
   2   4   2   1   2   4 -0.51319550187605D+02  0.00000000000000D+00
   3   4   2   1   2   4  0.25659775171960D+02  0.00000000000000D+00
   1   4   3   1   2   4  0.00000000000000D+00  0.00000000000000D+00
   2   4   3   1   2   4  0.00000000000000D+00  0.00000000000000D+00
   3   4   3   1   2   4  0.25659775015645D+02  0.00000000000000D+00
   1   4   1   2   2   4 -0.31813400011350D+02  0.00000000000000D+00
   2   4   1   2   2   4  0.00000000000000D+00  0.00000000000000D+00
   3   4   1   2   2   4  0.00000000000000D+00  0.00000000000000D+00
   1   4   2   2   2   4 -0.31813400011350D+02  0.00000000000000D+00
   2   4   2   2   2   4  0.63626800266829D+02  0.00000000000000D+00
   3   4   2   2   2   4 -0.31813400011350D+02  0.00000000000000D+00
   1   4   3   2   2   4  0.00000000000000D+00  0.00000000000000D+00
   2   4   3   2   2   4  0.00000000000000D+00  0.00000000000000D+00
   3   4   3   2   2   4 -0.31813400255479D+02  0.00000000000000D+00
   1   1   1   4   2   4  0.13051857884314D+02  0.00000000000000D+00
   2   1   1   4   2   4  0.13051857893700D+02  0.00000000000000D+00
   3   1   1   4   2   4  0.00000000000000D+00  0.00000000000000D+00
   1   2   1   4   2   4 -0.99132101399922D+01  0.00000000000000D+00
   2   2   1   4   2   4 -0.99132101294071D+01  0.00000000000000D+00
   3   2   1   4   2   4  0.00000000000000D+00  0.00000000000000D+00
   1   4   1   4   2   4 -0.71646028402545D+02  0.00000000000000D+00
   2   4   1   4   2   4 -0.71646028243634D+02  0.00000000000000D+00
   3   4   1   4   2   4  0.71646028237004D+02  0.00000000000000D+00
   1   1   2   4   2   4  0.00000000000000D+00  0.00000000000000D+00
   2   1   2   4   2   4 -0.26103715924870D+02  0.00000000000000D+00
   3   1   2   4   2   4  0.00000000000000D+00  0.00000000000000D+00
   1   2   2   4   2   4  0.00000000000000D+00  0.00000000000000D+00
   2   2   2   4   2   4  0.19826420144338D+02  0.00000000000000D+00
   3   2   2   4   2   4  0.00000000000000D+00  0.00000000000000D+00
   1   4   2   4   2   4 -0.71646028399959D+02  0.00000000000000D+00
   2   4   2   4   2   4  0.21493808553470D+03  0.00000000000000D+00
   3   4   2   4   2   4 -0.71646028402545D+02  0.00000000000000D+00
   1   1   3   4   2   4  0.00000000000000D+00  0.00000000000000D+00
   2   1   3   4   2   4  0.13051857893700D+02  0.00000000000000D+00
   3   1   3   4   2   4  0.13051858049941D+02  0.00000000000000D+00
   1   2   3   4   2   4  0.00000000000000D+00  0.00000000000000D+00
   2   2   3   4   2   4 -0.99132101294071D+01  0.00000000000000D+00
   3   2   3   4   2   4 -0.99132099937609D+01  0.00000000000000D+00
   1   4   3   4   2   4  0.71646028565500D+02  0.00000000000000D+00
   2   4   3   4   2   4 -0.71646028645533D+02  0.00000000000000D+00
   3   4   3   4   2   4 -0.71646028399959D+02  0.00000000000000D+00
   1   4   1   1   3   4  0.25659775171960D+02  0.00000000000000D+00
   2   4   1   1   3   4  0.00000000000000D+00  0.00000000000000D+00
   3   4   1   1   3   4  0.00000000000000D+00  0.00000000000000D+00
   1   4   2   1   3   4  0.00000000000000D+00  0.00000000000000D+00
   2   4   2   1   3   4  0.25659775171960D+02  0.00000000000000D+00
   3   4   2   1   3   4  0.00000000000000D+00  0.00000000000000D+00
   1   4   3   1   3   4  0.25659775171960D+02  0.00000000000000D+00
   2   4   3   1   3   4  0.25659775171960D+02  0.00000000000000D+00
   3   4   3   1   3   4 -0.51319550187605D+02  0.00000000000000D+00
   1   4   1   2   3   4 -0.31813400011350D+02  0.00000000000000D+00
   2   4   1   2   3   4  0.00000000000000D+00  0.00000000000000D+00
   3   4   1   2   3   4  0.00000000000000D+00  0.00000000000000D+00
   1   4   2   2   3   4  0.00000000000000D+00  0.00000000000000D+00
   2   4   2   2   3   4 -0.31813400011350D+02  0.00000000000000D+00
   3   4   2   2   3   4  0.00000000000000D+00  0.00000000000000D+00
   1   4   3   2   3   4 -0.31813400011350D+02  0.00000000000000D+00
   2   4   3   2   3   4 -0.31813400011350D+02  0.00000000000000D+00
   3   4   3   2   3   4  0.63626800266829D+02  0.00000000000000D+00
   1   1   1   4   3   4  0.13051857884314D+02  0.00000000000000D+00
   2   1   1   4   3   4  0.00000000000000D+00  0.00000000000000D+00
   3   1   1   4   3   4  0.13051857893700D+02  0.00000000000000D+00
   1   2   1   4   3   4 -0.99132101399922D+01  0.00000000000000D+00
   2   2   1   4   3   4  0.00000000000000D+00  0.00000000000000D+00
   3   2   1   4   3   4 -0.99132101294071D+01  0.00000000000000D+00
   1   4   1   4   3   4 -0.71646028399959D+02  0.00000000000000D+00
   2   4   1   4   3   4  0.71646028237004D+02  0.00000000000000D+00
   3   4   1   4   3   4 -0.71646028645533D+02  0.00000000000000D+00
   1   1   2   4   3   4  0.00000000000000D+00  0.00000000000000D+00
   2   1   2   4   3   4  0.13051857884314D+02  0.00000000000000D+00
   3   1   2   4   3   4  0.13051857893700D+02  0.00000000000000D+00
   1   2   2   4   3   4  0.00000000000000D+00  0.00000000000000D+00
   2   2   2   4   3   4 -0.99132101399922D+01  0.00000000000000D+00
   3   2   2   4   3   4 -0.99132101294071D+01  0.00000000000000D+00
   1   4   2   4   3   4  0.71646028479992D+02  0.00000000000000D+00
   2   4   2   4   3   4 -0.71646028402545D+02  0.00000000000000D+00
   3   4   2   4   3   4 -0.71646028243634D+02  0.00000000000000D+00
   1   1   3   4   3   4  0.00000000000000D+00  0.00000000000000D+00
   2   1   3   4   3   4  0.00000000000000D+00  0.00000000000000D+00
   3   1   3   4   3   4 -0.26103715924870D+02  0.00000000000000D+00
   1   2   3   4   3   4  0.00000000000000D+00  0.00000000000000D+00
   2   2   3   4   3   4  0.00000000000000D+00  0.00000000000000D+00
   3   2   3   4   3   4  0.19826420144338D+02  0.00000000000000D+00
   1   4   3   4   3   4 -0.71646028402545D+02  0.00000000000000D+00
   2   4   3   4   3   4 -0.71646028399959D+02  0.00000000000000D+00
   3   4   3   4   3   4  0.21493808553470D+03  0.00000000000000D+00

 List of bloks and their characteristics 
  
 2nd derivatives (non-stat.)  - # elements :      81
 qpt  0.00000000E+00  0.00000000E+00  0.00000000E+00   1.0
  
 Total energy                 - # elements :       1
  
 1st derivatives              - # elements :      12
  
 3rd derivatives              - # elements :     189
 qpt  0.00000000E+00  0.00000000E+00  0.00000000E+00   1.0
      0.00000000E+00  0.00000000E+00  0.00000000E+00   1.0
      0.00000000E+00  0.00000000E+00  0.00000000E+00   1.0
