
 **** DERIVATIVE DATABASE ****    
+DDB, Version number    100401

 DDB file merged by MergeDdbAbinitTask on Thu Jul 26 20:32:35 2018

    usepaw         0
     natom         2
      nkpt        16
    nsppol         1
      nsym        24
    ntypat         2
    occopt         1
     nband        13
     acell  0.10000000000000D+01  0.10000000000000D+01  0.10000000000000D+01
       amu  0.26981539000000D+02  0.74921590000000D+02
   dilatmx  0.10000000000000D+01
      ecut  0.40000000000000D+02
    ecutsm  0.00000000000000D+00
     intxc         0
      iscf         7
       ixc         7
       kpt  0.00000000000000D+00  0.00000000000000D+00  0.00000000000000D+00
            0.16666666666667D+00  0.00000000000000D+00  0.00000000000000D+00
            0.33333333333333D+00  0.00000000000000D+00  0.00000000000000D+00
            0.50000000000000D+00  0.00000000000000D+00  0.00000000000000D+00
            0.16666666666667D+00  0.16666666666667D+00  0.00000000000000D+00
            0.33333333333333D+00  0.16666666666667D+00  0.00000000000000D+00
            0.50000000000000D+00  0.16666666666667D+00  0.00000000000000D+00
           -0.33333333333333D+00  0.16666666666667D+00  0.00000000000000D+00
           -0.16666666666667D+00  0.16666666666667D+00  0.00000000000000D+00
            0.33333333333333D+00  0.33333333333333D+00  0.00000000000000D+00
            0.50000000000000D+00  0.33333333333333D+00  0.00000000000000D+00
           -0.33333333333333D+00  0.33333333333333D+00  0.00000000000000D+00
            0.50000000000000D+00  0.50000000000000D+00  0.00000000000000D+00
            0.50000000000000D+00  0.33333333333333D+00  0.16666666666667D+00
           -0.33333333333333D+00  0.33333333333333D+00  0.16666666666667D+00
           -0.33333333333333D+00  0.50000000000000D+00  0.16666666666667D+00
    kptnrm  0.10000000000000D+01
     ngfft        45   45   45
    nspden         1
   nspinor         1
       occ  0.20000000000000D+01  0.20000000000000D+01  0.20000000000000D+01
            0.20000000000000D+01  0.20000000000000D+01  0.20000000000000D+01
            0.20000000000000D+01  0.20000000000000D+01  0.20000000000000D+01
            0.00000000000000D+00  0.00000000000000D+00  0.00000000000000D+00
            0.00000000000000D+00
     rprim  0.00000000000000D+00  0.53144748929000D+01  0.53144748929000D+01
            0.53144748929000D+01  0.00000000000000D+00  0.53144748929000D+01
            0.53144748929000D+01  0.53144748929000D+01  0.00000000000000D+00
  dfpt_sciss  0.00000000000000D+00
    spinat  0.00000000000000D+00  0.00000000000000D+00  0.00000000000000D+00
            0.00000000000000D+00  0.00000000000000D+00  0.00000000000000D+00
    symafm         1    1    1    1    1    1    1    1    1    1    1    1
                   1    1    1    1    1    1    1    1    1    1    1    1
    symrel         1    0    0    0    1    0    0    0    1
                   0   -1    1    0   -1    0    1   -1    0
                  -1    0    0   -1    0    1   -1    1    0
                   0    1   -1    1    0   -1    0    0   -1
                  -1    0    0   -1    1    0   -1    0    1
                   0   -1    1    1   -1    0    0   -1    0
                   1    0    0    0    0    1    0    1    0
                   0    1   -1    0    0   -1    1    0   -1
                  -1    0    1   -1    1    0   -1    0    0
                   0   -1    0    1   -1    0    0   -1    1
                   1    0   -1    0    0   -1    0    1   -1
                   0    1    0    0    0    1    1    0    0
                   1    0   -1    0    1   -1    0    0   -1
                   0   -1    0    0   -1    1    1   -1    0
                  -1    0    1   -1    0    0   -1    1    0
                   0    1    0    1    0    0    0    0    1
                   0    0   -1    0    1   -1    1    0   -1
                   1   -1    0    0   -1    1    0   -1    0
                   0    0    1    1    0    0    0    1    0
                  -1    1    0   -1    0    0   -1    0    1
                   0    0    1    0    1    0    1    0    0
                   1   -1    0    0   -1    0    0   -1    1
                   0    0   -1    1    0   -1    0    1   -1
                  -1    1    0   -1    0    1   -1    0    0
     tnons  0.00000000000000D+00  0.00000000000000D+00  0.00000000000000D+00
            0.00000000000000D+00  0.00000000000000D+00  0.00000000000000D+00
            0.00000000000000D+00  0.00000000000000D+00  0.00000000000000D+00
            0.00000000000000D+00  0.00000000000000D+00  0.00000000000000D+00
            0.00000000000000D+00  0.00000000000000D+00  0.00000000000000D+00
            0.00000000000000D+00  0.00000000000000D+00  0.00000000000000D+00
            0.00000000000000D+00  0.00000000000000D+00  0.00000000000000D+00
            0.00000000000000D+00  0.00000000000000D+00  0.00000000000000D+00
            0.00000000000000D+00  0.00000000000000D+00  0.00000000000000D+00
            0.00000000000000D+00  0.00000000000000D+00  0.00000000000000D+00
            0.00000000000000D+00  0.00000000000000D+00  0.00000000000000D+00
            0.00000000000000D+00  0.00000000000000D+00  0.00000000000000D+00
            0.00000000000000D+00  0.00000000000000D+00  0.00000000000000D+00
            0.00000000000000D+00  0.00000000000000D+00  0.00000000000000D+00
            0.00000000000000D+00  0.00000000000000D+00  0.00000000000000D+00
            0.00000000000000D+00  0.00000000000000D+00  0.00000000000000D+00
            0.00000000000000D+00  0.00000000000000D+00  0.00000000000000D+00
            0.00000000000000D+00  0.00000000000000D+00  0.00000000000000D+00
            0.00000000000000D+00  0.00000000000000D+00  0.00000000000000D+00
            0.00000000000000D+00  0.00000000000000D+00  0.00000000000000D+00
            0.00000000000000D+00  0.00000000000000D+00  0.00000000000000D+00
            0.00000000000000D+00  0.00000000000000D+00  0.00000000000000D+00
            0.00000000000000D+00  0.00000000000000D+00  0.00000000000000D+00
            0.00000000000000D+00  0.00000000000000D+00  0.00000000000000D+00
    tolwfr  0.10000000000000D+01
   tphysel  0.00000000000000D+00
    tsmear  0.10000000000000D-01
     typat         1    2
       wtk  0.46296296296296D-02  0.37037037037037D-01  0.37037037037037D-01
            0.18518518518519D-01  0.27777777777778D-01  0.11111111111111D+00
            0.11111111111111D+00  0.11111111111111D+00  0.55555555555556D-01
            0.27777777777778D-01  0.11111111111111D+00  0.55555555555556D-01
            0.13888888888889D-01  0.11111111111111D+00  0.11111111111111D+00
            0.55555555555556D-01
      xred  0.00000000000000D+00  0.00000000000000D+00  0.00000000000000D+00
            0.25000000000000D+00  0.25000000000000D+00  0.25000000000000D+00
     znucl  0.13000000000000D+02  0.33000000000000D+02
      zion  0.30000000000000D+01  0.15000000000000D+02
 
  Description of the potentials (KB energies)
  vrsio8 (for pseudopotentials)=100401
  usepaw =  0
  dimekb =  6       lmnmax=  6
  Atom type=    1   pspso=  0   nekb=   6
  iln lpsang iproj  ekb(:)
     1     0     1     5.7258697E+00  0.0000000E+00  0.0000000E+00  0.0000000E+00
                       0.0000000E+00  0.0000000E+00
     2     0     2     0.0000000E+00  7.2613085E-01  0.0000000E+00  0.0000000E+00
                       0.0000000E+00  0.0000000E+00
     3     1     1     0.0000000E+00  0.0000000E+00  6.1904197E+00  0.0000000E+00
                       0.0000000E+00  0.0000000E+00
     4     1     2     0.0000000E+00  0.0000000E+00  0.0000000E+00  9.1402167E-01
                       0.0000000E+00  0.0000000E+00
     5     2     1     0.0000000E+00  0.0000000E+00  0.0000000E+00  0.0000000E+00
                      -4.2295028E+00  0.0000000E+00
     6     2     2     0.0000000E+00  0.0000000E+00  0.0000000E+00  0.0000000E+00
                      -4.2295028E+00  0.0000000E+00
  Atom type=    2   pspso=  0   nekb=   6
  iln lpsang iproj  ekb(:)
     1     0     1     7.5962430E+00  0.0000000E+00  0.0000000E+00  0.0000000E+00
                       0.0000000E+00  0.0000000E+00
     2     0     2     0.0000000E+00  8.5680799E-01  0.0000000E+00  0.0000000E+00
                       0.0000000E+00  0.0000000E+00
     3     1     1     0.0000000E+00  0.0000000E+00  5.7984534E+00  0.0000000E+00
                       0.0000000E+00  0.0000000E+00
     4     1     2     0.0000000E+00  0.0000000E+00  0.0000000E+00  1.1674694E+00
                       0.0000000E+00  0.0000000E+00
     5     2     1     0.0000000E+00  0.0000000E+00  0.0000000E+00  0.0000000E+00
                      -9.9016844E+00  0.0000000E+00
     6     2     2     0.0000000E+00  0.0000000E+00  0.0000000E+00  0.0000000E+00
                      -9.9016844E+00  0.0000000E+00
 
 **** Database of total energy derivatives ****
 Number of data blocks=    3
  
 Total energy                 - # elements :       1
 -0.10837174374351D+03  0.00000000000000D+00
  
 1st derivatives              - # elements :      12
   1   1  0.00000000000000D+00  0.00000000000000D+00
   2   1  0.00000000000000D+00  0.00000000000000D+00
   3   1  0.00000000000000D+00  0.00000000000000D+00
   1   2  0.00000000000000D+00  0.00000000000000D+00
   2   2  0.00000000000000D+00  0.00000000000000D+00
   3   2  0.00000000000000D+00  0.00000000000000D+00
   1   5  0.41191700636311D-05  0.00000000000000D+00
   2   5  0.41191700636311D-05  0.00000000000000D+00
   3   5  0.41191700636311D-05  0.00000000000000D+00
   1   6  0.00000000000000D+00  0.00000000000000D+00
   2   6  0.00000000000000D+00  0.00000000000000D+00
   3   6  0.00000000000000D+00  0.00000000000000D+00
  
 2nd derivatives (non-stat.)  - # elements :     171
 qpt  0.00000000E+00  0.00000000E+00  0.00000000E+00   1.0
   1   1   1   1  0.54656151650829D+01  0.00000000000000D+00
   2   1   1   1  0.27328075825415D+01  0.00000000000000D+00
   3   1   1   1  0.27328075825415D+01  0.00000000000000D+00
   1   2   1   1 -0.54656372260875D+01 -0.24075777314484D-17
   2   2   1   1 -0.27328186130438D+01 -0.40103792660003D-16
   3   2   1   1 -0.27328186130438D+01 -0.37625191686587D-16
   1   4   1   1 -0.58825094617143D+01  0.00000000000000D+00
   2   4   1   1  0.00000000000000D+00  0.00000000000000D+00
   3   4   1   1  0.00000000000000D+00  0.00000000000000D+00
   1   1   2   1  0.27328075825415D+01  0.00000000000000D+00
   2   1   2   1  0.54656151650829D+01  0.00000000000000D+00
   3   1   2   1  0.27328075825415D+01  0.00000000000000D+00
   1   2   2   1 -0.27328186130438D+01 -0.40103792660003D-16
   2   2   2   1 -0.54656372260875D+01  0.40365795161962D-16
   3   2   2   1 -0.27328186130438D+01 -0.16235264481166D-16
   1   4   2   1  0.00000000000000D+00  0.00000000000000D+00
   2   4   2   1 -0.58825094617143D+01  0.00000000000000D+00
   3   4   2   1  0.00000000000000D+00  0.00000000000000D+00
   1   1   3   1  0.27328075825415D+01  0.00000000000000D+00
   2   1   3   1  0.27328075825415D+01  0.00000000000000D+00
   3   1   3   1  0.54656151650829D+01  0.00000000000000D+00
   1   2   3   1 -0.27328186130438D+01 -0.37625191686587D-16
   2   2   3   1 -0.27328186130438D+01 -0.16235264481166D-16
   3   2   3   1 -0.54656372260875D+01 -0.76379523084636D-17
   1   4   3   1  0.00000000000000D+00  0.00000000000000D+00
   2   4   3   1  0.00000000000000D+00  0.00000000000000D+00
   3   4   3   1 -0.58825094617143D+01  0.00000000000000D+00
   1   1   1   2 -0.54656372260875D+01  0.24075777314484D-17
   2   1   1   2 -0.27328186130438D+01  0.40103792660003D-16
   3   1   1   2 -0.27328186130438D+01  0.37625191686587D-16
   1   2   1   2  0.54659641009566D+01  0.00000000000000D+00
   2   2   1   2  0.27329820504783D+01  0.00000000000000D+00
   3   2   1   2  0.27329820504783D+01  0.00000000000000D+00
   1   4   1   2 -0.10938083698020D+03  0.00000000000000D+00
   2   4   1   2  0.00000000000000D+00  0.00000000000000D+00
   3   4   1   2  0.00000000000000D+00  0.00000000000000D+00
   1   1   2   2 -0.27328186130437D+01  0.40103792660003D-16
   2   1   2   2 -0.54656372260875D+01 -0.40365795161962D-16
   3   1   2   2 -0.27328186130438D+01  0.16235264481166D-16
   1   2   2   2  0.27329820504638D+01  0.00000000000000D+00
   2   2   2   2  0.54659641009493D+01  0.00000000000000D+00
   3   2   2   2  0.27329820504747D+01  0.00000000000000D+00
   1   4   2   2  0.00000000000000D+00  0.00000000000000D+00
   2   4   2   2 -0.10938083698020D+03  0.00000000000000D+00
   3   4   2   2  0.00000000000000D+00  0.00000000000000D+00
   1   1   3   2 -0.27328186130438D+01  0.37625191686587D-16
   2   1   3   2 -0.27328186130438D+01  0.16235264481166D-16
   3   1   3   2 -0.54656372260874D+01  0.76379523084636D-17
   1   2   3   2  0.27329820504674D+01  0.00000000000000D+00
   2   2   3   2  0.27329820504747D+01  0.00000000000000D+00
   3   2   3   2  0.54659641009348D+01  0.00000000000000D+00
   1   4   3   2  0.00000000000000D+00  0.00000000000000D+00
   2   4   3   2  0.00000000000000D+00  0.00000000000000D+00
   3   4   3   2 -0.10938083698020D+03  0.00000000000000D+00
   1   1   1   4 -0.58825094617143D+01  0.00000000000000D+00
   2   1   1   4  0.00000000000000D+00  0.00000000000000D+00
   3   1   1   4  0.00000000000000D+00  0.00000000000000D+00
   1   2   1   4 -0.10938083698020D+03  0.00000000000000D+00
   2   2   1   4  0.00000000000000D+00  0.00000000000000D+00
   3   2   1   4  0.00000000000000D+00  0.00000000000000D+00
   1   4   1   4 -0.25727776079728D+03  0.00000000000000D+00
   2   4   1   4  0.85759253599094D+02  0.00000000000000D+00
   3   4   1   4  0.85759253599094D+02  0.00000000000000D+00
   1   1   2   4  0.00000000000000D+00  0.00000000000000D+00
   2   1   2   4 -0.58825094617143D+01  0.00000000000000D+00
   3   1   2   4  0.00000000000000D+00  0.00000000000000D+00
   1   2   2   4  0.00000000000000D+00  0.00000000000000D+00
   2   2   2   4 -0.10938083698020D+03  0.00000000000000D+00
   3   2   2   4  0.00000000000000D+00  0.00000000000000D+00
   1   4   2   4  0.85759253599094D+02  0.00000000000000D+00
   2   4   2   4 -0.25727776079728D+03  0.00000000000000D+00
   3   4   2   4  0.85759253599094D+02  0.00000000000000D+00
   1   1   3   4  0.00000000000000D+00  0.00000000000000D+00
   2   1   3   4  0.00000000000000D+00  0.00000000000000D+00
   3   1   3   4 -0.58825094617143D+01  0.00000000000000D+00
   1   2   3   4  0.00000000000000D+00  0.00000000000000D+00
   2   2   3   4  0.00000000000000D+00  0.00000000000000D+00
   3   2   3   4 -0.10938083698020D+03  0.00000000000000D+00
   1   4   3   4  0.85759253599094D+02  0.00000000000000D+00
   2   4   3   4  0.85759253599094D+02  0.00000000000000D+00
   3   4   3   4 -0.25727776079728D+03  0.00000000000000D+00
   1   1   1   5  0.28228557364799D-11  0.00000000000000D+00
   2   1   1   5 -0.89239907285652D-12  0.00000000000000D+00
   3   1   1   5 -0.27079047973326D-11  0.00000000000000D+00
   1   2   1   5 -0.24877465445701D-11  0.00000000000000D+00
   2   2   1   5 -0.20266878091792D-11  0.00000000000000D+00
   3   2   1   5  0.24158037330327D-11  0.00000000000000D+00
   1   4   1   5  0.13877787807814D-16  0.00000000000000D+00
   2   4   1   5  0.13877787807814D-16  0.00000000000000D+00
   3   4   1   5  0.00000000000000D+00  0.00000000000000D+00
   1   5   1   5  0.12287048596131D+01  0.00000000000000D+00
   2   5   1   5  0.60195088661441D+00  0.00000000000000D+00
   3   5   1   5  0.60195088676524D+00  0.00000000000000D+00
   1   6   1   5  0.14237515300324D-09  0.00000000000000D+00
   2   6   1   5  0.59942698703675D-10  0.00000000000000D+00
   3   6   1   5  0.47951213520733D-09  0.00000000000000D+00
   1   1   2   5  0.29283207176124D-11  0.00000000000000D+00
   2   1   2   5 -0.70517425180612D-12  0.00000000000000D+00
   3   1   2   5 -0.23392612191914D-11  0.00000000000000D+00
   1   2   2   5 -0.62596824793324D-11  0.00000000000000D+00
   2   2   2   5 -0.41478719497312D-12  0.00000000000000D+00
   3   2   2   5  0.99156510955395D-12  0.00000000000000D+00
   1   4   2   5 -0.86736173798840D-18  0.00000000000000D+00
   2   4   2   5  0.13877787807814D-16  0.00000000000000D+00
   3   4   2   5 -0.86736173798840D-18  0.00000000000000D+00
   1   5   2   5  0.60195050357532D+00  0.00000000000000D+00
   2   5   2   5  0.12287042524644D+01  0.00000000000000D+00
   3   5   2   5  0.60195050387501D+00  0.00000000000000D+00
   1   6   2   5 -0.47967480221043D-09  0.00000000000000D+00
   2   6   2   5 -0.12978717767451D-11  0.00000000000000D+00
   3   6   2   5  0.47966014711242D-09  0.00000000000000D+00
   1   1   3   5  0.26873816148593D-11  0.00000000000000D+00
   2   1   3   5 -0.76461562372691D-12  0.00000000000000D+00
   3   1   3   5 -0.25265118056986D-11  0.00000000000000D+00
   1   2   3   5 -0.76784512933381D-12  0.00000000000000D+00
   2   2   3   5  0.24701824957306D-11  0.00000000000000D+00
   3   2   3   5  0.35527904037572D-11  0.00000000000000D+00
   1   4   3   5 -0.13877787807814D-16  0.00000000000000D+00
   2   4   3   5  0.00000000000000D+00  0.00000000000000D+00
   3   4   3   5  0.34694469519536D-17  0.00000000000000D+00
   1   5   3   5  0.60195051248144D+00  0.00000000000000D+00
   2   5   3   5  0.60195051263031D+00  0.00000000000000D+00
   3   5   3   5  0.12287042730071D+01  0.00000000000000D+00
   1   6   3   5 -0.47956546317019D-09  0.00000000000000D+00
   2   6   3   5  0.59953809737242D-10  0.00000000000000D+00
   3   6   3   5 -0.14259581359854D-09  0.00000000000000D+00
   1   1   1   6 -0.74436071440215D-12  0.00000000000000D+00
   2   1   1   6 -0.82517386554337D+00  0.00000000000000D+00
   3   1   1   6 -0.82517386554405D+00  0.00000000000000D+00
   1   2   1   6  0.20186301748798D-11  0.00000000000000D+00
   2   2   1   6  0.82517994635743D+00  0.00000000000000D+00
   3   2   1   6  0.82517994635907D+00  0.00000000000000D+00
   1   4   1   6  0.22154452437637D+01  0.00000000000000D+00
   2   4   1   6 -0.22154452437637D+01  0.00000000000000D+00
   3   4   1   6 -0.22154452437637D+01  0.00000000000000D+00
   1   5   1   6  0.21538778603087D-05  0.00000000000000D+00
   2   5   1   6  0.68560675432586D-05  0.00000000000000D+00
   3   5   1   6  0.68560676483190D-05  0.00000000000000D+00
   1   6   1   6  0.83263468268518D+00  0.00000000000000D+00
   2   6   1   6  0.31091937153946D-09  0.00000000000000D+00
   3   6   1   6  0.30571219214871D-10  0.00000000000000D+00
   1   1   2   6 -0.82517197367788D+00  0.00000000000000D+00
   2   1   2   6  0.33810830534086D-12  0.00000000000000D+00
   3   1   2   6 -0.82517197367961D+00  0.00000000000000D+00
   1   2   2   6  0.82518211854766D+00  0.00000000000000D+00
   2   2   2   6 -0.87101398655443D-12  0.00000000000000D+00
   3   2   2   6  0.82518211855304D+00  0.00000000000000D+00
   1   4   2   6 -0.22154445137525D+01  0.00000000000000D+00
   2   4   2   6  0.22154445137525D+01  0.00000000000000D+00
   3   4   2   6 -0.22154445137525D+01  0.00000000000000D+00
   1   5   2   6 -0.49976855688950D-05  0.00000000000000D+00
   2   5   2   6  0.31880763999524D-06  0.00000000000000D+00
   3   5   2   6 -0.49976855541639D-05  0.00000000000000D+00
   1   6   2   6  0.31093168230347D-09  0.00000000000000D+00
   2   6   2   6  0.83263485346754D+00  0.00000000000000D+00
   3   6   2   6 -0.31092891092531D-09  0.00000000000000D+00
   1   1   3   6 -0.82517197270895D+00  0.00000000000000D+00
   2   1   3   6 -0.82517197270996D+00  0.00000000000000D+00
   3   1   3   6  0.98178028881851D-12  0.00000000000000D+00
   1   2   3   6  0.82518209788181D+00  0.00000000000000D+00
   2   2   3   6  0.82518209788581D+00  0.00000000000000D+00
   3   2   3   6 -0.24652331685131D-11  0.00000000000000D+00
   1   4   3   6 -0.22154445198347D+01  0.00000000000000D+00
   2   4   3   6 -0.22154445198347D+01  0.00000000000000D+00
   3   4   3   6  0.22154445198347D+01  0.00000000000000D+00
   1   5   3   6 -0.50267115292274D-05  0.00000000000000D+00
   2   5   3   6 -0.50267113920672D-05  0.00000000000000D+00
   3   5   3   6  0.29287135951919D-06  0.00000000000000D+00
   1   6   3   6  0.30570566005772D-10  0.00000000000000D+00
   2   6   3   6 -0.31092828348942D-09  0.00000000000000D+00
   3   6   3   6  0.83263485148265D+00  0.00000000000000D+00

 List of bloks and their characteristics 
  
 Total energy                 - # elements :       1
  
 1st derivatives              - # elements :      12
  
 2nd derivatives (non-stat.)  - # elements :     171
 qpt  0.00000000E+00  0.00000000E+00  0.00000000E+00   1.0
