
 **** DERIVATIVE DATABASE ****
+DDB, Version number  20230401

 DDB file merged by PhononWork on Sun Jun 29 12:48:58 2025

    usepaw         0
     natom         2
      nkpt       432
    nsppol         1
      nsym        24
    ntypat         2
    occopt         1
     nband         4
     acell  0.10000000000000D+01  0.10000000000000D+01  0.10000000000000D+01
       amu  0.26981539000000D+02  0.74921590000000D+02
   dilatmx  0.10000000000000D+01
      ecut  0.20000000000000D+01
    ecutsm  0.00000000000000D+00
     intxc         0
      iscf         7
       ixc         1
       kpt -0.83333333333334D-01 -0.16666666666667D+00  0.00000000000000D+00
           -0.16666666666667D+00 -0.83333333333334D-01  0.00000000000000D+00
           -0.83333333333334D-01 -0.83333333333334D-01  0.83333333333333D-01
           -0.83333333333334D-01 -0.33333333333333D+00  0.00000000000000D+00
           -0.16666666666667D+00 -0.25000000000000D+00  0.00000000000000D+00
           -0.83333333333334D-01 -0.25000000000000D+00  0.83333333333333D-01
           -0.25000000000000D+00 -0.16666666666667D+00  0.00000000000000D+00
           -0.16666666666667D+00 -0.16666666666667D+00  0.83333333333333D-01
           -0.83333333333334D-01 -0.16666666666667D+00  0.16666666666667D+00
           -0.33333333333333D+00 -0.83333333333334D-01  0.00000000000000D+00
           -0.25000000000000D+00 -0.83333333333334D-01  0.83333333333333D-01
           -0.16666666666667D+00 -0.83333333333334D-01  0.16666666666667D+00
           -0.83333333333334D-01 -0.83333333333334D-01  0.25000000000000D+00
           -0.83333333333334D-01  0.50000000000000D+00  0.00000000000000D+00
           -0.16666666666667D+00 -0.41666666666667D+00  0.00000000000000D+00
           -0.83333333333334D-01 -0.41666666666667D+00  0.83333333333333D-01
           -0.25000000000000D+00 -0.33333333333333D+00  0.00000000000000D+00
           -0.16666666666667D+00 -0.33333333333333D+00  0.83333333333333D-01
           -0.83333333333334D-01 -0.33333333333333D+00  0.16666666666667D+00
           -0.33333333333333D+00 -0.25000000000000D+00  0.00000000000000D+00
           -0.25000000000000D+00 -0.25000000000000D+00  0.83333333333333D-01
           -0.16666666666667D+00 -0.25000000000000D+00  0.16666666666667D+00
           -0.83333333333334D-01 -0.25000000000000D+00  0.25000000000000D+00
           -0.41666666666667D+00 -0.16666666666667D+00  0.00000000000000D+00
           -0.33333333333333D+00 -0.16666666666667D+00  0.83333333333333D-01
           -0.25000000000000D+00 -0.16666666666667D+00  0.16666666666667D+00
           -0.16666666666667D+00 -0.16666666666667D+00  0.25000000000000D+00
           -0.83333333333334D-01 -0.16666666666667D+00  0.33333333333333D+00
            0.50000000000000D+00 -0.83333333333334D-01  0.00000000000000D+00
           -0.41666666666667D+00 -0.83333333333334D-01  0.83333333333333D-01
           -0.33333333333333D+00 -0.83333333333334D-01  0.16666666666667D+00
           -0.25000000000000D+00 -0.83333333333334D-01  0.25000000000000D+00
           -0.16666666666667D+00 -0.83333333333334D-01  0.33333333333333D+00
           -0.83333333333334D-01 -0.83333333333334D-01  0.41666666666667D+00
           -0.83333333333334D-01  0.33333333333333D+00  0.00000000000000D+00
           -0.16666666666667D+00  0.41666666666667D+00  0.00000000000000D+00
           -0.83333333333334D-01  0.41666666666667D+00  0.83333333333333D-01
           -0.25000000000000D+00  0.50000000000000D+00  0.00000000000000D+00
           -0.16666666666667D+00  0.50000000000000D+00  0.83333333333333D-01
           -0.83333333333334D-01  0.50000000000000D+00  0.16666666666667D+00
           -0.33333333333333D+00 -0.41666666666667D+00  0.00000000000000D+00
           -0.25000000000000D+00 -0.41666666666667D+00  0.83333333333333D-01
           -0.16666666666667D+00 -0.41666666666667D+00  0.16666666666667D+00
           -0.83333333333334D-01 -0.41666666666667D+00  0.25000000000000D+00
           -0.41666666666667D+00 -0.33333333333333D+00  0.00000000000000D+00
           -0.33333333333333D+00 -0.33333333333333D+00  0.83333333333333D-01
           -0.25000000000000D+00 -0.33333333333333D+00  0.16666666666667D+00
           -0.16666666666667D+00 -0.33333333333333D+00  0.25000000000000D+00
           -0.83333333333334D-01 -0.33333333333333D+00  0.33333333333333D+00
            0.50000000000000D+00 -0.25000000000000D+00  0.00000000000000D+00
           -0.41666666666667D+00 -0.25000000000000D+00  0.83333333333333D-01
           -0.33333333333333D+00 -0.25000000000000D+00  0.16666666666667D+00
           -0.25000000000000D+00 -0.25000000000000D+00  0.25000000000000D+00
           -0.16666666666667D+00 -0.25000000000000D+00  0.33333333333333D+00
           -0.83333333333334D-01 -0.25000000000000D+00  0.41666666666667D+00
            0.41666666666667D+00 -0.16666666666667D+00  0.00000000000000D+00
            0.50000000000000D+00 -0.16666666666667D+00  0.83333333333333D-01
           -0.41666666666667D+00 -0.16666666666667D+00  0.16666666666667D+00
           -0.33333333333333D+00 -0.16666666666667D+00  0.25000000000000D+00
           -0.25000000000000D+00 -0.16666666666667D+00  0.33333333333333D+00
           -0.16666666666667D+00 -0.16666666666667D+00  0.41666666666667D+00
           -0.83333333333334D-01 -0.16666666666667D+00  0.50000000000000D+00
            0.33333333333333D+00 -0.83333333333334D-01  0.00000000000000D+00
            0.41666666666667D+00 -0.83333333333334D-01  0.83333333333333D-01
            0.50000000000000D+00 -0.83333333333334D-01  0.16666666666667D+00
           -0.41666666666667D+00 -0.83333333333334D-01  0.25000000000000D+00
           -0.33333333333333D+00 -0.83333333333334D-01  0.33333333333333D+00
           -0.25000000000000D+00 -0.83333333333334D-01  0.41666666666667D+00
           -0.16666666666667D+00 -0.83333333333334D-01  0.50000000000000D+00
           -0.83333333333334D-01 -0.83333333333334D-01 -0.41666666666667D+00
           -0.83333333333334D-01  0.16666666666667D+00  0.00000000000000D+00
           -0.16666666666667D+00  0.25000000000000D+00  0.00000000000000D+00
           -0.83333333333334D-01  0.25000000000000D+00  0.83333333333333D-01
           -0.25000000000000D+00  0.33333333333333D+00  0.00000000000000D+00
           -0.16666666666667D+00  0.33333333333333D+00  0.83333333333333D-01
           -0.83333333333334D-01  0.33333333333333D+00  0.16666666666667D+00
           -0.33333333333333D+00  0.41666666666667D+00  0.00000000000000D+00
           -0.25000000000000D+00  0.41666666666667D+00  0.83333333333333D-01
           -0.16666666666667D+00  0.41666666666667D+00  0.16666666666667D+00
           -0.83333333333334D-01  0.41666666666667D+00  0.25000000000000D+00
           -0.41666666666667D+00  0.50000000000000D+00  0.00000000000000D+00
           -0.33333333333333D+00  0.50000000000000D+00  0.83333333333333D-01
           -0.25000000000000D+00  0.50000000000000D+00  0.16666666666667D+00
           -0.16666666666667D+00  0.50000000000000D+00  0.25000000000000D+00
           -0.83333333333334D-01  0.50000000000000D+00  0.33333333333333D+00
            0.50000000000000D+00 -0.41666666666667D+00  0.00000000000000D+00
           -0.41666666666667D+00 -0.41666666666667D+00  0.83333333333333D-01
           -0.33333333333333D+00 -0.41666666666667D+00  0.16666666666667D+00
           -0.25000000000000D+00 -0.41666666666667D+00  0.25000000000000D+00
           -0.16666666666667D+00 -0.41666666666667D+00  0.33333333333333D+00
           -0.83333333333334D-01 -0.41666666666667D+00  0.41666666666667D+00
            0.41666666666667D+00 -0.33333333333333D+00  0.00000000000000D+00
            0.50000000000000D+00 -0.33333333333333D+00  0.83333333333333D-01
           -0.41666666666667D+00 -0.33333333333333D+00  0.16666666666667D+00
           -0.33333333333333D+00 -0.33333333333333D+00  0.25000000000000D+00
           -0.25000000000000D+00 -0.33333333333333D+00  0.33333333333333D+00
           -0.16666666666667D+00 -0.33333333333333D+00  0.41666666666667D+00
           -0.83333333333334D-01 -0.33333333333333D+00  0.50000000000000D+00
            0.33333333333333D+00 -0.25000000000000D+00  0.00000000000000D+00
            0.41666666666667D+00 -0.25000000000000D+00  0.83333333333333D-01
            0.50000000000000D+00 -0.25000000000000D+00  0.16666666666667D+00
           -0.41666666666667D+00 -0.25000000000000D+00  0.25000000000000D+00
           -0.33333333333333D+00 -0.25000000000000D+00  0.33333333333333D+00
           -0.25000000000000D+00 -0.25000000000000D+00  0.41666666666667D+00
           -0.16666666666667D+00 -0.25000000000000D+00  0.50000000000000D+00
           -0.83333333333334D-01 -0.25000000000000D+00 -0.41666666666667D+00
            0.25000000000000D+00 -0.16666666666667D+00  0.00000000000000D+00
            0.33333333333333D+00 -0.16666666666667D+00  0.83333333333333D-01
            0.41666666666667D+00 -0.16666666666667D+00  0.16666666666667D+00
            0.50000000000000D+00 -0.16666666666667D+00  0.25000000000000D+00
           -0.41666666666667D+00 -0.16666666666667D+00  0.33333333333333D+00
           -0.33333333333333D+00 -0.16666666666667D+00  0.41666666666667D+00
           -0.25000000000000D+00 -0.16666666666667D+00  0.50000000000000D+00
           -0.16666666666667D+00 -0.16666666666667D+00 -0.41666666666667D+00
           -0.83333333333334D-01 -0.16666666666667D+00 -0.33333333333333D+00
            0.16666666666667D+00 -0.83333333333334D-01  0.00000000000000D+00
            0.25000000000000D+00 -0.83333333333334D-01  0.83333333333333D-01
            0.33333333333333D+00 -0.83333333333334D-01  0.16666666666667D+00
            0.41666666666667D+00 -0.83333333333334D-01  0.25000000000000D+00
            0.50000000000000D+00 -0.83333333333334D-01  0.33333333333333D+00
           -0.41666666666667D+00 -0.83333333333334D-01  0.41666666666667D+00
           -0.33333333333333D+00 -0.83333333333334D-01  0.50000000000000D+00
           -0.25000000000000D+00 -0.83333333333334D-01 -0.41666666666667D+00
           -0.16666666666667D+00 -0.83333333333334D-01 -0.33333333333333D+00
           -0.83333333333334D-01 -0.83333333333334D-01 -0.25000000000000D+00
           -0.83333333333334D-01  0.00000000000000D+00  0.00000000000000D+00
           -0.83333333333334D-01  0.83333333333333D-01  0.83333333333333D-01
           -0.16666666666667D+00  0.16666666666667D+00  0.83333333333333D-01
           -0.83333333333334D-01  0.16666666666667D+00  0.16666666666667D+00
           -0.25000000000000D+00  0.25000000000000D+00  0.83333333333333D-01
           -0.16666666666667D+00  0.25000000000000D+00  0.16666666666667D+00
           -0.83333333333334D-01  0.25000000000000D+00  0.25000000000000D+00
           -0.33333333333333D+00  0.33333333333333D+00  0.83333333333333D-01
           -0.25000000000000D+00  0.33333333333333D+00  0.16666666666667D+00
           -0.16666666666667D+00  0.33333333333333D+00  0.25000000000000D+00
           -0.83333333333334D-01  0.33333333333333D+00  0.33333333333333D+00
           -0.41666666666667D+00  0.41666666666667D+00  0.83333333333333D-01
           -0.33333333333333D+00  0.41666666666667D+00  0.16666666666667D+00
           -0.25000000000000D+00  0.41666666666667D+00  0.25000000000000D+00
           -0.16666666666667D+00  0.41666666666667D+00  0.33333333333333D+00
           -0.83333333333334D-01  0.41666666666667D+00  0.41666666666667D+00
            0.50000000000000D+00  0.50000000000000D+00  0.83333333333333D-01
           -0.41666666666667D+00  0.50000000000000D+00  0.16666666666667D+00
           -0.33333333333333D+00  0.50000000000000D+00  0.25000000000000D+00
           -0.25000000000000D+00  0.50000000000000D+00  0.33333333333333D+00
           -0.16666666666667D+00  0.50000000000000D+00  0.41666666666667D+00
           -0.83333333333334D-01  0.50000000000000D+00  0.50000000000000D+00
            0.41666666666667D+00 -0.41666666666667D+00  0.83333333333333D-01
            0.50000000000000D+00 -0.41666666666667D+00  0.16666666666667D+00
           -0.41666666666667D+00 -0.41666666666667D+00  0.25000000000000D+00
           -0.33333333333333D+00 -0.41666666666667D+00  0.33333333333333D+00
           -0.25000000000000D+00 -0.41666666666667D+00  0.41666666666667D+00
           -0.16666666666667D+00 -0.41666666666667D+00  0.50000000000000D+00
           -0.83333333333334D-01 -0.41666666666667D+00 -0.41666666666667D+00
            0.33333333333333D+00 -0.33333333333333D+00  0.83333333333333D-01
            0.41666666666667D+00 -0.33333333333333D+00  0.16666666666667D+00
            0.50000000000000D+00 -0.33333333333333D+00  0.25000000000000D+00
           -0.41666666666667D+00 -0.33333333333333D+00  0.33333333333333D+00
           -0.33333333333333D+00 -0.33333333333333D+00  0.41666666666667D+00
           -0.25000000000000D+00 -0.33333333333333D+00  0.50000000000000D+00
           -0.16666666666667D+00 -0.33333333333333D+00 -0.41666666666667D+00
           -0.83333333333334D-01 -0.33333333333333D+00 -0.33333333333333D+00
            0.25000000000000D+00 -0.25000000000000D+00  0.83333333333333D-01
            0.33333333333333D+00 -0.25000000000000D+00  0.16666666666667D+00
            0.41666666666667D+00 -0.25000000000000D+00  0.25000000000000D+00
            0.50000000000000D+00 -0.25000000000000D+00  0.33333333333333D+00
           -0.41666666666667D+00 -0.25000000000000D+00  0.41666666666667D+00
           -0.33333333333333D+00 -0.25000000000000D+00  0.50000000000000D+00
           -0.25000000000000D+00 -0.25000000000000D+00 -0.41666666666667D+00
           -0.16666666666667D+00 -0.25000000000000D+00 -0.33333333333333D+00
           -0.83333333333334D-01 -0.25000000000000D+00 -0.25000000000000D+00
            0.16666666666667D+00 -0.16666666666667D+00  0.83333333333333D-01
            0.25000000000000D+00 -0.16666666666667D+00  0.16666666666667D+00
            0.33333333333333D+00 -0.16666666666667D+00  0.25000000000000D+00
            0.41666666666667D+00 -0.16666666666667D+00  0.33333333333333D+00
            0.50000000000000D+00 -0.16666666666667D+00  0.41666666666667D+00
           -0.41666666666667D+00 -0.16666666666667D+00  0.50000000000000D+00
           -0.33333333333333D+00 -0.16666666666667D+00 -0.41666666666667D+00
           -0.25000000000000D+00 -0.16666666666667D+00 -0.33333333333333D+00
           -0.16666666666667D+00 -0.16666666666667D+00 -0.25000000000000D+00
           -0.83333333333334D-01 -0.16666666666667D+00 -0.16666666666667D+00
            0.00000000000000D+00 -0.83333333333334D-01  0.00000000000000D+00
            0.83333333333333D-01 -0.83333333333334D-01  0.83333333333333D-01
            0.16666666666667D+00 -0.83333333333334D-01  0.16666666666667D+00
            0.25000000000000D+00 -0.83333333333334D-01  0.25000000000000D+00
            0.33333333333333D+00 -0.83333333333334D-01  0.33333333333333D+00
            0.41666666666667D+00 -0.83333333333334D-01  0.41666666666667D+00
            0.50000000000000D+00 -0.83333333333334D-01  0.50000000000000D+00
           -0.41666666666667D+00 -0.83333333333334D-01 -0.41666666666667D+00
           -0.33333333333333D+00 -0.83333333333334D-01 -0.33333333333333D+00
           -0.25000000000000D+00 -0.83333333333334D-01 -0.25000000000000D+00
           -0.16666666666667D+00 -0.83333333333334D-01 -0.16666666666667D+00
           -0.83333333333334D-01 -0.83333333333334D-01 -0.83333333333334D-01
           -0.25000000000000D+00  0.00000000000000D+00  0.00000000000000D+00
           -0.16666666666667D+00  0.00000000000000D+00  0.83333333333333D-01
           -0.83333333333334D-01  0.00000000000000D+00  0.16666666666667D+00
           -0.25000000000000D+00  0.83333333333333D-01  0.83333333333333D-01
           -0.16666666666667D+00  0.83333333333333D-01  0.16666666666667D+00
           -0.83333333333334D-01  0.83333333333333D-01  0.25000000000000D+00
           -0.33333333333333D+00  0.16666666666667D+00  0.83333333333333D-01
           -0.25000000000000D+00  0.16666666666667D+00  0.16666666666667D+00
           -0.16666666666667D+00  0.16666666666667D+00  0.25000000000000D+00
           -0.83333333333334D-01  0.16666666666667D+00  0.33333333333333D+00
           -0.41666666666667D+00  0.25000000000000D+00  0.83333333333333D-01
           -0.33333333333333D+00  0.25000000000000D+00  0.16666666666667D+00
           -0.25000000000000D+00  0.25000000000000D+00  0.25000000000000D+00
           -0.16666666666667D+00  0.25000000000000D+00  0.33333333333333D+00
           -0.83333333333334D-01  0.25000000000000D+00  0.41666666666667D+00
            0.50000000000000D+00  0.33333333333333D+00  0.83333333333333D-01
           -0.41666666666667D+00  0.33333333333333D+00  0.16666666666667D+00
           -0.33333333333333D+00  0.33333333333333D+00  0.25000000000000D+00
           -0.25000000000000D+00  0.33333333333333D+00  0.33333333333333D+00
           -0.16666666666667D+00  0.33333333333333D+00  0.41666666666667D+00
           -0.83333333333334D-01  0.33333333333333D+00  0.50000000000000D+00
            0.41666666666667D+00  0.41666666666667D+00  0.83333333333333D-01
            0.50000000000000D+00  0.41666666666667D+00  0.16666666666667D+00
           -0.41666666666667D+00  0.41666666666667D+00  0.25000000000000D+00
           -0.33333333333333D+00  0.41666666666667D+00  0.33333333333333D+00
           -0.25000000000000D+00  0.41666666666667D+00  0.41666666666667D+00
           -0.16666666666667D+00  0.41666666666667D+00  0.50000000000000D+00
           -0.83333333333334D-01  0.41666666666667D+00 -0.41666666666667D+00
            0.33333333333333D+00  0.50000000000000D+00  0.83333333333333D-01
            0.41666666666667D+00  0.50000000000000D+00  0.16666666666667D+00
            0.50000000000000D+00  0.50000000000000D+00  0.25000000000000D+00
           -0.41666666666667D+00  0.50000000000000D+00  0.33333333333333D+00
           -0.33333333333333D+00  0.50000000000000D+00  0.41666666666667D+00
           -0.25000000000000D+00  0.50000000000000D+00  0.50000000000000D+00
           -0.16666666666667D+00  0.50000000000000D+00 -0.41666666666667D+00
           -0.83333333333334D-01  0.50000000000000D+00 -0.33333333333333D+00
            0.25000000000000D+00 -0.41666666666667D+00  0.83333333333333D-01
            0.33333333333333D+00 -0.41666666666667D+00  0.16666666666667D+00
            0.41666666666667D+00 -0.41666666666667D+00  0.25000000000000D+00
            0.50000000000000D+00 -0.41666666666667D+00  0.33333333333333D+00
           -0.41666666666667D+00 -0.41666666666667D+00  0.41666666666667D+00
           -0.33333333333333D+00 -0.41666666666667D+00  0.50000000000000D+00
           -0.25000000000000D+00 -0.41666666666667D+00 -0.41666666666667D+00
           -0.16666666666667D+00 -0.41666666666667D+00 -0.33333333333333D+00
           -0.83333333333334D-01 -0.41666666666667D+00 -0.25000000000000D+00
            0.16666666666667D+00 -0.33333333333333D+00  0.83333333333333D-01
            0.25000000000000D+00 -0.33333333333333D+00  0.16666666666667D+00
            0.33333333333333D+00 -0.33333333333333D+00  0.25000000000000D+00
            0.41666666666667D+00 -0.33333333333333D+00  0.33333333333333D+00
            0.50000000000000D+00 -0.33333333333333D+00  0.41666666666667D+00
           -0.41666666666667D+00 -0.33333333333333D+00  0.50000000000000D+00
           -0.33333333333333D+00 -0.33333333333333D+00 -0.41666666666667D+00
           -0.25000000000000D+00 -0.33333333333333D+00 -0.33333333333333D+00
           -0.16666666666667D+00 -0.33333333333333D+00 -0.25000000000000D+00
           -0.83333333333334D-01 -0.33333333333333D+00 -0.16666666666667D+00
            0.00000000000000D+00 -0.25000000000000D+00  0.00000000000000D+00
            0.83333333333333D-01 -0.25000000000000D+00  0.83333333333333D-01
            0.16666666666667D+00 -0.25000000000000D+00  0.16666666666667D+00
            0.25000000000000D+00 -0.25000000000000D+00  0.25000000000000D+00
            0.33333333333333D+00 -0.25000000000000D+00  0.33333333333333D+00
            0.41666666666667D+00 -0.25000000000000D+00  0.41666666666667D+00
            0.50000000000000D+00 -0.25000000000000D+00  0.50000000000000D+00
           -0.41666666666667D+00 -0.25000000000000D+00 -0.41666666666667D+00
           -0.33333333333333D+00 -0.25000000000000D+00 -0.33333333333333D+00
           -0.25000000000000D+00 -0.25000000000000D+00 -0.25000000000000D+00
           -0.16666666666667D+00 -0.25000000000000D+00 -0.16666666666667D+00
           -0.83333333333334D-01 -0.25000000000000D+00 -0.83333333333334D-01
            0.00000000000000D+00 -0.16666666666667D+00  0.83333333333333D-01
            0.83333333333333D-01 -0.16666666666667D+00  0.16666666666667D+00
            0.16666666666667D+00 -0.16666666666667D+00  0.25000000000000D+00
            0.25000000000000D+00 -0.16666666666667D+00  0.33333333333333D+00
            0.33333333333333D+00 -0.16666666666667D+00  0.41666666666667D+00
            0.41666666666667D+00 -0.16666666666667D+00  0.50000000000000D+00
            0.50000000000000D+00 -0.16666666666667D+00 -0.41666666666667D+00
           -0.41666666666667D+00 -0.16666666666667D+00 -0.33333333333333D+00
           -0.33333333333333D+00 -0.16666666666667D+00 -0.25000000000000D+00
           -0.25000000000000D+00 -0.16666666666667D+00 -0.16666666666667D+00
           -0.16666666666667D+00 -0.16666666666667D+00 -0.83333333333334D-01
            0.00000000000000D+00 -0.83333333333334D-01  0.16666666666667D+00
            0.83333333333333D-01 -0.83333333333334D-01  0.25000000000000D+00
            0.16666666666667D+00 -0.83333333333334D-01  0.33333333333333D+00
            0.25000000000000D+00 -0.83333333333334D-01  0.41666666666667D+00
            0.33333333333333D+00 -0.83333333333334D-01  0.50000000000000D+00
            0.41666666666667D+00 -0.83333333333334D-01 -0.41666666666667D+00
            0.50000000000000D+00 -0.83333333333334D-01 -0.33333333333333D+00
           -0.41666666666667D+00 -0.83333333333334D-01 -0.25000000000000D+00
           -0.33333333333333D+00 -0.83333333333334D-01 -0.16666666666667D+00
           -0.25000000000000D+00 -0.83333333333334D-01 -0.83333333333334D-01
           -0.41666666666667D+00  0.00000000000000D+00  0.00000000000000D+00
           -0.33333333333333D+00  0.00000000000000D+00  0.83333333333333D-01
           -0.25000000000000D+00  0.00000000000000D+00  0.16666666666667D+00
           -0.16666666666667D+00  0.00000000000000D+00  0.25000000000000D+00
           -0.83333333333334D-01  0.00000000000000D+00  0.33333333333333D+00
           -0.41666666666667D+00  0.83333333333333D-01  0.83333333333333D-01
           -0.33333333333333D+00  0.83333333333333D-01  0.16666666666667D+00
           -0.25000000000000D+00  0.83333333333333D-01  0.25000000000000D+00
           -0.16666666666667D+00  0.83333333333333D-01  0.33333333333333D+00
           -0.83333333333334D-01  0.83333333333333D-01  0.41666666666667D+00
            0.50000000000000D+00  0.16666666666667D+00  0.83333333333333D-01
           -0.41666666666667D+00  0.16666666666667D+00  0.16666666666667D+00
           -0.33333333333333D+00  0.16666666666667D+00  0.25000000000000D+00
           -0.25000000000000D+00  0.16666666666667D+00  0.33333333333333D+00
           -0.16666666666667D+00  0.16666666666667D+00  0.41666666666667D+00
           -0.83333333333334D-01  0.16666666666667D+00  0.50000000000000D+00
            0.41666666666667D+00  0.25000000000000D+00  0.83333333333333D-01
            0.50000000000000D+00  0.25000000000000D+00  0.16666666666667D+00
           -0.41666666666667D+00  0.25000000000000D+00  0.25000000000000D+00
           -0.33333333333333D+00  0.25000000000000D+00  0.33333333333333D+00
           -0.25000000000000D+00  0.25000000000000D+00  0.41666666666667D+00
           -0.16666666666667D+00  0.25000000000000D+00  0.50000000000000D+00
           -0.83333333333334D-01  0.25000000000000D+00 -0.41666666666667D+00
            0.33333333333333D+00  0.33333333333333D+00  0.83333333333333D-01
            0.41666666666667D+00  0.33333333333333D+00  0.16666666666667D+00
            0.50000000000000D+00  0.33333333333333D+00  0.25000000000000D+00
           -0.41666666666667D+00  0.33333333333333D+00  0.33333333333333D+00
           -0.33333333333333D+00  0.33333333333333D+00  0.41666666666667D+00
           -0.25000000000000D+00  0.33333333333333D+00  0.50000000000000D+00
           -0.16666666666667D+00  0.33333333333333D+00 -0.41666666666667D+00
           -0.83333333333334D-01  0.33333333333333D+00 -0.33333333333333D+00
            0.25000000000000D+00  0.41666666666667D+00  0.83333333333333D-01
            0.33333333333333D+00  0.41666666666667D+00  0.16666666666667D+00
            0.41666666666667D+00  0.41666666666667D+00  0.25000000000000D+00
            0.50000000000000D+00  0.41666666666667D+00  0.33333333333333D+00
           -0.41666666666667D+00  0.41666666666667D+00  0.41666666666667D+00
           -0.33333333333333D+00  0.41666666666667D+00  0.50000000000000D+00
           -0.25000000000000D+00  0.41666666666667D+00 -0.41666666666667D+00
           -0.16666666666667D+00  0.41666666666667D+00 -0.33333333333333D+00
           -0.83333333333334D-01  0.41666666666667D+00 -0.25000000000000D+00
            0.16666666666667D+00  0.50000000000000D+00  0.83333333333333D-01
            0.25000000000000D+00  0.50000000000000D+00  0.16666666666667D+00
            0.33333333333333D+00  0.50000000000000D+00  0.25000000000000D+00
            0.41666666666667D+00  0.50000000000000D+00  0.33333333333333D+00
            0.50000000000000D+00  0.50000000000000D+00  0.41666666666667D+00
           -0.41666666666667D+00  0.50000000000000D+00  0.50000000000000D+00
           -0.33333333333333D+00  0.50000000000000D+00 -0.41666666666667D+00
           -0.25000000000000D+00  0.50000000000000D+00 -0.33333333333333D+00
           -0.16666666666667D+00  0.50000000000000D+00 -0.25000000000000D+00
           -0.83333333333334D-01  0.50000000000000D+00 -0.16666666666667D+00
            0.00000000000000D+00 -0.41666666666667D+00  0.00000000000000D+00
            0.83333333333333D-01 -0.41666666666667D+00  0.83333333333333D-01
            0.16666666666667D+00 -0.41666666666667D+00  0.16666666666667D+00
            0.25000000000000D+00 -0.41666666666667D+00  0.25000000000000D+00
            0.33333333333333D+00 -0.41666666666667D+00  0.33333333333333D+00
            0.41666666666667D+00 -0.41666666666667D+00  0.41666666666667D+00
            0.50000000000000D+00 -0.41666666666667D+00  0.50000000000000D+00
           -0.41666666666667D+00 -0.41666666666667D+00 -0.41666666666667D+00
           -0.33333333333333D+00 -0.41666666666667D+00 -0.33333333333333D+00
           -0.25000000000000D+00 -0.41666666666667D+00 -0.25000000000000D+00
           -0.16666666666667D+00 -0.41666666666667D+00 -0.16666666666667D+00
           -0.83333333333334D-01 -0.41666666666667D+00 -0.83333333333334D-01
            0.00000000000000D+00 -0.33333333333333D+00  0.83333333333333D-01
            0.83333333333333D-01 -0.33333333333333D+00  0.16666666666667D+00
            0.16666666666667D+00 -0.33333333333333D+00  0.25000000000000D+00
            0.25000000000000D+00 -0.33333333333333D+00  0.33333333333333D+00
            0.33333333333333D+00 -0.33333333333333D+00  0.41666666666667D+00
            0.41666666666667D+00 -0.33333333333333D+00  0.50000000000000D+00
            0.50000000000000D+00 -0.33333333333333D+00 -0.41666666666667D+00
           -0.41666666666667D+00 -0.33333333333333D+00 -0.33333333333333D+00
           -0.33333333333333D+00 -0.33333333333333D+00 -0.25000000000000D+00
           -0.25000000000000D+00 -0.33333333333333D+00 -0.16666666666667D+00
           -0.16666666666667D+00 -0.33333333333333D+00 -0.83333333333334D-01
            0.00000000000000D+00 -0.25000000000000D+00  0.16666666666667D+00
            0.83333333333333D-01 -0.25000000000000D+00  0.25000000000000D+00
            0.16666666666667D+00 -0.25000000000000D+00  0.33333333333333D+00
            0.25000000000000D+00 -0.25000000000000D+00  0.41666666666667D+00
            0.33333333333333D+00 -0.25000000000000D+00  0.50000000000000D+00
            0.41666666666667D+00 -0.25000000000000D+00 -0.41666666666667D+00
            0.50000000000000D+00 -0.25000000000000D+00 -0.33333333333333D+00
           -0.41666666666667D+00 -0.25000000000000D+00 -0.25000000000000D+00
           -0.33333333333333D+00 -0.25000000000000D+00 -0.16666666666667D+00
           -0.25000000000000D+00 -0.25000000000000D+00 -0.83333333333334D-01
            0.00000000000000D+00 -0.16666666666667D+00  0.25000000000000D+00
            0.83333333333333D-01 -0.16666666666667D+00  0.33333333333333D+00
            0.16666666666667D+00 -0.16666666666667D+00  0.41666666666667D+00
            0.25000000000000D+00 -0.16666666666667D+00  0.50000000000000D+00
            0.33333333333333D+00 -0.16666666666667D+00 -0.41666666666667D+00
            0.41666666666667D+00 -0.16666666666667D+00 -0.33333333333333D+00
            0.50000000000000D+00 -0.16666666666667D+00 -0.25000000000000D+00
           -0.41666666666667D+00 -0.16666666666667D+00 -0.16666666666667D+00
           -0.33333333333333D+00 -0.16666666666667D+00 -0.83333333333334D-01
            0.00000000000000D+00 -0.83333333333334D-01  0.33333333333333D+00
            0.83333333333333D-01 -0.83333333333334D-01  0.41666666666667D+00
            0.16666666666667D+00 -0.83333333333334D-01  0.50000000000000D+00
            0.25000000000000D+00 -0.83333333333334D-01 -0.41666666666667D+00
            0.33333333333333D+00 -0.83333333333334D-01 -0.33333333333333D+00
            0.41666666666667D+00 -0.83333333333334D-01 -0.25000000000000D+00
            0.50000000000000D+00 -0.83333333333334D-01 -0.16666666666667D+00
           -0.41666666666667D+00 -0.83333333333334D-01 -0.83333333333334D-01
            0.50000000000000D+00  0.00000000000000D+00  0.83333333333333D-01
           -0.41666666666667D+00  0.00000000000000D+00  0.16666666666667D+00
           -0.33333333333333D+00  0.00000000000000D+00  0.25000000000000D+00
           -0.25000000000000D+00  0.00000000000000D+00  0.33333333333333D+00
           -0.16666666666667D+00  0.00000000000000D+00  0.41666666666667D+00
           -0.83333333333334D-01  0.00000000000000D+00  0.50000000000000D+00
            0.00000000000000D+00  0.50000000000000D+00  0.83333333333333D-01
            0.00000000000000D+00 -0.41666666666667D+00  0.16666666666667D+00
            0.00000000000000D+00 -0.33333333333333D+00  0.25000000000000D+00
            0.00000000000000D+00 -0.25000000000000D+00  0.33333333333333D+00
            0.00000000000000D+00 -0.16666666666667D+00  0.41666666666667D+00
            0.00000000000000D+00 -0.83333333333334D-01  0.50000000000000D+00
            0.33333333333333D+00  0.00000000000000D+00  0.83333333333333D-01
            0.41666666666667D+00  0.00000000000000D+00  0.16666666666667D+00
            0.50000000000000D+00  0.00000000000000D+00  0.25000000000000D+00
           -0.41666666666667D+00  0.00000000000000D+00  0.33333333333333D+00
           -0.33333333333333D+00  0.00000000000000D+00  0.41666666666667D+00
           -0.25000000000000D+00  0.00000000000000D+00  0.50000000000000D+00
           -0.16666666666667D+00  0.00000000000000D+00 -0.41666666666667D+00
           -0.83333333333334D-01  0.00000000000000D+00 -0.33333333333333D+00
            0.00000000000000D+00  0.33333333333333D+00  0.83333333333333D-01
            0.00000000000000D+00  0.41666666666667D+00  0.16666666666667D+00
            0.00000000000000D+00  0.50000000000000D+00  0.25000000000000D+00
            0.00000000000000D+00 -0.41666666666667D+00  0.33333333333333D+00
            0.00000000000000D+00 -0.33333333333333D+00  0.41666666666667D+00
            0.00000000000000D+00 -0.25000000000000D+00  0.50000000000000D+00
            0.00000000000000D+00 -0.16666666666667D+00 -0.41666666666667D+00
            0.00000000000000D+00 -0.83333333333334D-01 -0.33333333333333D+00
            0.16666666666667D+00  0.00000000000000D+00  0.83333333333333D-01
            0.25000000000000D+00  0.00000000000000D+00  0.16666666666667D+00
            0.33333333333333D+00  0.00000000000000D+00  0.25000000000000D+00
            0.41666666666667D+00  0.00000000000000D+00  0.33333333333333D+00
            0.50000000000000D+00  0.00000000000000D+00  0.41666666666667D+00
           -0.41666666666667D+00  0.00000000000000D+00  0.50000000000000D+00
           -0.33333333333333D+00  0.00000000000000D+00 -0.41666666666667D+00
           -0.25000000000000D+00  0.00000000000000D+00 -0.33333333333333D+00
           -0.16666666666667D+00  0.00000000000000D+00 -0.25000000000000D+00
           -0.83333333333334D-01  0.00000000000000D+00 -0.16666666666667D+00
            0.00000000000000D+00  0.16666666666667D+00  0.83333333333333D-01
            0.00000000000000D+00  0.25000000000000D+00  0.16666666666667D+00
            0.00000000000000D+00  0.33333333333333D+00  0.25000000000000D+00
            0.00000000000000D+00  0.41666666666667D+00  0.33333333333333D+00
            0.00000000000000D+00  0.50000000000000D+00  0.41666666666667D+00
            0.00000000000000D+00 -0.41666666666667D+00  0.50000000000000D+00
            0.00000000000000D+00 -0.33333333333333D+00 -0.41666666666667D+00
            0.00000000000000D+00 -0.25000000000000D+00 -0.33333333333333D+00
            0.00000000000000D+00 -0.16666666666667D+00 -0.25000000000000D+00
            0.00000000000000D+00 -0.83333333333334D-01 -0.16666666666667D+00
            0.00000000000000D+00  0.00000000000000D+00  0.83333333333333D-01
            0.00000000000000D+00  0.00000000000000D+00  0.25000000000000D+00
            0.00000000000000D+00  0.00000000000000D+00  0.41666666666667D+00
    kptnrm  0.10000000000000D+01
     ngfft        10   10   10
    nspden         1
   nspinor         1
       occ  0.20000000000000D+01  0.20000000000000D+01  0.20000000000000D+01
            0.20000000000000D+01
     rprim  0.00000000000000D+00  0.53050000000000D+01  0.53050000000000D+01
            0.53050000000000D+01  0.00000000000000D+00  0.53050000000000D+01
            0.53050000000000D+01  0.53050000000000D+01  0.00000000000000D+00
  dfpt_sciss  0.00000000000000D+00
    spinat  0.00000000000000D+00  0.00000000000000D+00  0.00000000000000D+00
            0.00000000000000D+00  0.00000000000000D+00  0.00000000000000D+00
    symafm         1    1    1    1    1    1    1    1    1    1    1    1
                   1    1    1    1    1    1    1    1    1    1    1    1
    symrel         1    0    0    0    1    0    0    0    1
                   0   -1    1    0   -1    0    1   -1    0
                  -1    0    0   -1    0    1   -1    1    0
                   0    1   -1    1    0   -1    0    0   -1
                  -1    0    0   -1    1    0   -1    0    1
                   0   -1    1    1   -1    0    0   -1    0
                   1    0    0    0    0    1    0    1    0
                   0    1   -1    0    0   -1    1    0   -1
                  -1    0    1   -1    1    0   -1    0    0
                   0   -1    0    1   -1    0    0   -1    1
                   1    0   -1    0    0   -1    0    1   -1
                   0    1    0    0    0    1    1    0    0
                   1    0   -1    0    1   -1    0    0   -1
                   0   -1    0    0   -1    1    1   -1    0
                  -1    0    1   -1    0    0   -1    1    0
                   0    1    0    1    0    0    0    0    1
                   0    0   -1    0    1   -1    1    0   -1
                   1   -1    0    0   -1    1    0   -1    0
                   0    0    1    1    0    0    0    1    0
                  -1    1    0   -1    0    0   -1    0    1
                   0    0    1    0    1    0    1    0    0
                   1   -1    0    0   -1    0    0   -1    1
                   0    0   -1    1    0   -1    0    1   -1
                  -1    1    0   -1    0    1   -1    0    0
     tnons  0.00000000000000D+00  0.00000000000000D+00  0.00000000000000D+00
            0.00000000000000D+00  0.00000000000000D+00  0.00000000000000D+00
            0.00000000000000D+00  0.00000000000000D+00  0.00000000000000D+00
            0.00000000000000D+00  0.00000000000000D+00  0.00000000000000D+00
            0.00000000000000D+00  0.00000000000000D+00  0.00000000000000D+00
            0.00000000000000D+00  0.00000000000000D+00  0.00000000000000D+00
            0.00000000000000D+00  0.00000000000000D+00  0.00000000000000D+00
            0.00000000000000D+00  0.00000000000000D+00  0.00000000000000D+00
            0.00000000000000D+00  0.00000000000000D+00  0.00000000000000D+00
            0.00000000000000D+00  0.00000000000000D+00  0.00000000000000D+00
            0.00000000000000D+00  0.00000000000000D+00  0.00000000000000D+00
            0.00000000000000D+00  0.00000000000000D+00  0.00000000000000D+00
            0.00000000000000D+00  0.00000000000000D+00  0.00000000000000D+00
            0.00000000000000D+00  0.00000000000000D+00  0.00000000000000D+00
            0.00000000000000D+00  0.00000000000000D+00  0.00000000000000D+00
            0.00000000000000D+00  0.00000000000000D+00  0.00000000000000D+00
            0.00000000000000D+00  0.00000000000000D+00  0.00000000000000D+00
            0.00000000000000D+00  0.00000000000000D+00  0.00000000000000D+00
            0.00000000000000D+00  0.00000000000000D+00  0.00000000000000D+00
            0.00000000000000D+00  0.00000000000000D+00  0.00000000000000D+00
            0.00000000000000D+00  0.00000000000000D+00  0.00000000000000D+00
            0.00000000000000D+00  0.00000000000000D+00  0.00000000000000D+00
            0.00000000000000D+00  0.00000000000000D+00  0.00000000000000D+00
            0.00000000000000D+00  0.00000000000000D+00  0.00000000000000D+00
    tolwfr  0.10000000000000D+01
   tphysel  0.00000000000000D+00
    tsmear  0.10000000000000D-01
     typat         1    2
       wtk  0.23148148148148D-02  0.23148148148148D-02  0.23148148148148D-02
            0.23148148148148D-02  0.23148148148148D-02  0.23148148148148D-02
            0.23148148148148D-02  0.23148148148148D-02  0.23148148148148D-02
            0.23148148148148D-02  0.23148148148148D-02  0.23148148148148D-02
            0.23148148148148D-02  0.23148148148148D-02  0.23148148148148D-02
            0.23148148148148D-02  0.23148148148148D-02  0.23148148148148D-02
            0.23148148148148D-02  0.23148148148148D-02  0.23148148148148D-02
            0.23148148148148D-02  0.23148148148148D-02  0.23148148148148D-02
            0.23148148148148D-02  0.23148148148148D-02  0.23148148148148D-02
            0.23148148148148D-02  0.23148148148148D-02  0.23148148148148D-02
            0.23148148148148D-02  0.23148148148148D-02  0.23148148148148D-02
            0.23148148148148D-02  0.23148148148148D-02  0.23148148148148D-02
            0.23148148148148D-02  0.23148148148148D-02  0.23148148148148D-02
            0.23148148148148D-02  0.23148148148148D-02  0.23148148148148D-02
            0.23148148148148D-02  0.23148148148148D-02  0.23148148148148D-02
            0.23148148148148D-02  0.23148148148148D-02  0.23148148148148D-02
            0.23148148148148D-02  0.23148148148148D-02  0.23148148148148D-02
            0.23148148148148D-02  0.23148148148148D-02  0.23148148148148D-02
            0.23148148148148D-02  0.23148148148148D-02  0.23148148148148D-02
            0.23148148148148D-02  0.23148148148148D-02  0.23148148148148D-02
            0.23148148148148D-02  0.23148148148148D-02  0.23148148148148D-02
            0.23148148148148D-02  0.23148148148148D-02  0.23148148148148D-02
            0.23148148148148D-02  0.23148148148148D-02  0.23148148148148D-02
            0.23148148148148D-02  0.23148148148148D-02  0.23148148148148D-02
            0.23148148148148D-02  0.23148148148148D-02  0.23148148148148D-02
            0.23148148148148D-02  0.23148148148148D-02  0.23148148148148D-02
            0.23148148148148D-02  0.23148148148148D-02  0.23148148148148D-02
            0.23148148148148D-02  0.23148148148148D-02  0.23148148148148D-02
            0.23148148148148D-02  0.23148148148148D-02  0.23148148148148D-02
            0.23148148148148D-02  0.23148148148148D-02  0.23148148148148D-02
            0.23148148148148D-02  0.23148148148148D-02  0.23148148148148D-02
            0.23148148148148D-02  0.23148148148148D-02  0.23148148148148D-02
            0.23148148148148D-02  0.23148148148148D-02  0.23148148148148D-02
            0.23148148148148D-02  0.23148148148148D-02  0.23148148148148D-02
            0.23148148148148D-02  0.23148148148148D-02  0.23148148148148D-02
            0.23148148148148D-02  0.23148148148148D-02  0.23148148148148D-02
            0.23148148148148D-02  0.23148148148148D-02  0.23148148148148D-02
            0.23148148148148D-02  0.23148148148148D-02  0.23148148148148D-02
            0.23148148148148D-02  0.23148148148148D-02  0.23148148148148D-02
            0.23148148148148D-02  0.23148148148148D-02  0.23148148148148D-02
            0.23148148148148D-02  0.23148148148148D-02  0.23148148148148D-02
            0.23148148148148D-02  0.23148148148148D-02  0.23148148148148D-02
            0.23148148148148D-02  0.23148148148148D-02  0.23148148148148D-02
            0.23148148148148D-02  0.23148148148148D-02  0.23148148148148D-02
            0.23148148148148D-02  0.23148148148148D-02  0.23148148148148D-02
            0.23148148148148D-02  0.23148148148148D-02  0.23148148148148D-02
            0.23148148148148D-02  0.23148148148148D-02  0.23148148148148D-02
            0.23148148148148D-02  0.23148148148148D-02  0.23148148148148D-02
            0.23148148148148D-02  0.23148148148148D-02  0.23148148148148D-02
            0.23148148148148D-02  0.23148148148148D-02  0.23148148148148D-02
            0.23148148148148D-02  0.23148148148148D-02  0.23148148148148D-02
            0.23148148148148D-02  0.23148148148148D-02  0.23148148148148D-02
            0.23148148148148D-02  0.23148148148148D-02  0.23148148148148D-02
            0.23148148148148D-02  0.23148148148148D-02  0.23148148148148D-02
            0.23148148148148D-02  0.23148148148148D-02  0.23148148148148D-02
            0.23148148148148D-02  0.23148148148148D-02  0.23148148148148D-02
            0.23148148148148D-02  0.23148148148148D-02  0.23148148148148D-02
            0.23148148148148D-02  0.23148148148148D-02  0.23148148148148D-02
            0.23148148148148D-02  0.23148148148148D-02  0.23148148148148D-02
            0.23148148148148D-02  0.23148148148148D-02  0.23148148148148D-02
            0.23148148148148D-02  0.23148148148148D-02  0.23148148148148D-02
            0.23148148148148D-02  0.23148148148148D-02  0.23148148148148D-02
            0.23148148148148D-02  0.23148148148148D-02  0.23148148148148D-02
            0.23148148148148D-02  0.23148148148148D-02  0.23148148148148D-02
            0.23148148148148D-02  0.23148148148148D-02  0.23148148148148D-02
            0.23148148148148D-02  0.23148148148148D-02  0.23148148148148D-02
            0.23148148148148D-02  0.23148148148148D-02  0.23148148148148D-02
            0.23148148148148D-02  0.23148148148148D-02  0.23148148148148D-02
            0.23148148148148D-02  0.23148148148148D-02  0.23148148148148D-02
            0.23148148148148D-02  0.23148148148148D-02  0.23148148148148D-02
            0.23148148148148D-02  0.23148148148148D-02  0.23148148148148D-02
            0.23148148148148D-02  0.23148148148148D-02  0.23148148148148D-02
            0.23148148148148D-02  0.23148148148148D-02  0.23148148148148D-02
            0.23148148148148D-02  0.23148148148148D-02  0.23148148148148D-02
            0.23148148148148D-02  0.23148148148148D-02  0.23148148148148D-02
            0.23148148148148D-02  0.23148148148148D-02  0.23148148148148D-02
            0.23148148148148D-02  0.23148148148148D-02  0.23148148148148D-02
            0.23148148148148D-02  0.23148148148148D-02  0.23148148148148D-02
            0.23148148148148D-02  0.23148148148148D-02  0.23148148148148D-02
            0.23148148148148D-02  0.23148148148148D-02  0.23148148148148D-02
            0.23148148148148D-02  0.23148148148148D-02  0.23148148148148D-02
            0.23148148148148D-02  0.23148148148148D-02  0.23148148148148D-02
            0.23148148148148D-02  0.23148148148148D-02  0.23148148148148D-02
            0.23148148148148D-02  0.23148148148148D-02  0.23148148148148D-02
            0.23148148148148D-02  0.23148148148148D-02  0.23148148148148D-02
            0.23148148148148D-02  0.23148148148148D-02  0.23148148148148D-02
            0.23148148148148D-02  0.23148148148148D-02  0.23148148148148D-02
            0.23148148148148D-02  0.23148148148148D-02  0.23148148148148D-02
            0.23148148148148D-02  0.23148148148148D-02  0.23148148148148D-02
            0.23148148148148D-02  0.23148148148148D-02  0.23148148148148D-02
            0.23148148148148D-02  0.23148148148148D-02  0.23148148148148D-02
            0.23148148148148D-02  0.23148148148148D-02  0.23148148148148D-02
            0.23148148148148D-02  0.23148148148148D-02  0.23148148148148D-02
            0.23148148148148D-02  0.23148148148148D-02  0.23148148148148D-02
            0.23148148148148D-02  0.23148148148148D-02  0.23148148148148D-02
            0.23148148148148D-02  0.23148148148148D-02  0.23148148148148D-02
            0.23148148148148D-02  0.23148148148148D-02  0.23148148148148D-02
            0.23148148148148D-02  0.23148148148148D-02  0.23148148148148D-02
            0.23148148148148D-02  0.23148148148148D-02  0.23148148148148D-02
            0.23148148148148D-02  0.23148148148148D-02  0.23148148148148D-02
            0.23148148148148D-02  0.23148148148148D-02  0.23148148148148D-02
            0.23148148148148D-02  0.23148148148148D-02  0.23148148148148D-02
            0.23148148148148D-02  0.23148148148148D-02  0.23148148148148D-02
            0.23148148148148D-02  0.23148148148148D-02  0.23148148148148D-02
            0.23148148148148D-02  0.23148148148148D-02  0.23148148148148D-02
            0.23148148148148D-02  0.23148148148148D-02  0.23148148148148D-02
            0.23148148148148D-02  0.23148148148148D-02  0.23148148148148D-02
            0.23148148148148D-02  0.23148148148148D-02  0.23148148148148D-02
            0.23148148148148D-02  0.23148148148148D-02  0.23148148148148D-02
            0.23148148148148D-02  0.23148148148148D-02  0.23148148148148D-02
            0.23148148148148D-02  0.23148148148148D-02  0.23148148148148D-02
            0.23148148148148D-02  0.23148148148148D-02  0.23148148148148D-02
            0.23148148148148D-02  0.23148148148148D-02  0.23148148148148D-02
            0.23148148148148D-02  0.23148148148148D-02  0.23148148148148D-02
            0.23148148148148D-02  0.23148148148148D-02  0.23148148148148D-02
            0.23148148148148D-02  0.23148148148148D-02  0.23148148148148D-02
            0.23148148148148D-02  0.23148148148148D-02  0.23148148148148D-02
            0.23148148148148D-02  0.23148148148148D-02  0.23148148148148D-02
            0.23148148148148D-02  0.23148148148148D-02  0.23148148148148D-02
            0.23148148148148D-02  0.23148148148148D-02  0.23148148148148D-02
            0.23148148148148D-02  0.23148148148148D-02  0.23148148148148D-02
            0.23148148148148D-02  0.23148148148148D-02  0.23148148148148D-02
            0.23148148148148D-02  0.23148148148148D-02  0.23148148148148D-02
            0.23148148148148D-02  0.23148148148148D-02  0.23148148148148D-02
            0.23148148148148D-02  0.23148148148148D-02  0.23148148148148D-02
            0.23148148148148D-02  0.23148148148148D-02  0.23148148148148D-02
            0.23148148148148D-02  0.23148148148148D-02  0.23148148148148D-02
            0.23148148148148D-02  0.23148148148148D-02  0.23148148148148D-02
            0.23148148148148D-02  0.23148148148148D-02  0.23148148148148D-02
            0.23148148148148D-02  0.23148148148148D-02  0.23148148148148D-02
            0.23148148148148D-02  0.23148148148148D-02  0.23148148148148D-02
            0.23148148148148D-02  0.23148148148148D-02  0.23148148148148D-02
            0.23148148148148D-02  0.23148148148148D-02  0.23148148148148D-02
            0.23148148148148D-02  0.23148148148148D-02  0.23148148148148D-02
            0.23148148148148D-02  0.23148148148148D-02  0.23148148148148D-02
            0.23148148148148D-02  0.23148148148148D-02  0.23148148148148D-02
            0.23148148148148D-02  0.23148148148148D-02  0.23148148148148D-02
            0.23148148148148D-02  0.23148148148148D-02  0.23148148148148D-02
            0.23148148148148D-02  0.23148148148148D-02  0.23148148148148D-02
            0.23148148148148D-02  0.23148148148148D-02  0.23148148148148D-02
            0.23148148148148D-02  0.23148148148148D-02  0.23148148148148D-02
            0.23148148148148D-02  0.23148148148148D-02  0.23148148148148D-02
            0.23148148148148D-02  0.23148148148148D-02  0.23148148148148D-02
            0.23148148148148D-02  0.23148148148148D-02  0.23148148148148D-02
      xred  0.00000000000000D+00  0.00000000000000D+00  0.00000000000000D+00
            0.25000000000000D+00  0.25000000000000D+00  0.25000000000000D+00
     znucl  0.13000000000000D+02  0.33000000000000D+02
      zion  0.30000000000000D+01  0.50000000000000D+01

  Description of the potentials (KB energies)
  vrsio8 (for pseudopotentials)=100401
  usepaw =  0
  dimekb =  3       lmnmax=  9
  Atom type=    1   pspso=  0   nekb=   2
  iln lpsang iproj  ekb(:)
     1     0     1     1.7687444E+00  0.0000000E+00
     2     1     1     0.0000000E+00  9.0055415E-01
  Atom type=    2   pspso=  0   nekb=   1
  iln lpsang iproj  ekb(:)
     1     0     1     8.3875106E-01

 **** Database of total energy derivatives ****
 Number of data blocks=    2

 2nd derivatives (non-stat.)  - # elements :          81
 qpt  0.00000000E+00  0.00000000E+00  0.00000000E+00   1.0
   1   1   1   1  0.59687430394731D+01  0.00000000000000D+00
   2   1   1   1  0.29843715197366D+01  0.00000000000000D+00
   3   1   1   1  0.29843715197366D+01  0.00000000000000D+00
   1   2   1   1 -0.59777476570214D+01  0.75391332472473D-18
   2   2   1   1 -0.29888738285107D+01 -0.22528765098145D-17
   3   2   1   1 -0.29888738285107D+01 -0.32602688781147D-17
   1   4   1   1 -0.56123519945865D+01  0.00000000000000D+00
   2   4   1   1  0.19794799274887D-16  0.00000000000000D+00
   3   4   1   1  0.86063174396424D-17  0.00000000000000D+00
   1   1   2   1  0.29843715197366D+01  0.00000000000000D+00
   2   1   2   1  0.59687430394731D+01  0.00000000000000D+00
   3   1   2   1  0.29843715197366D+01  0.00000000000000D+00
   1   2   2   1 -0.29888738285107D+01 -0.22528765098145D-17
   2   2   2   1 -0.59777476570214D+01  0.29117806071133D-17
   3   2   2   1 -0.29888738285107D+01 -0.21815201249816D-17
   1   4   2   1  0.00000000000000D+00  0.00000000000000D+00
   2   4   2   1 -0.56123519945865D+01  0.00000000000000D+00
   3   4   2   1  0.36671685705289D-16  0.00000000000000D+00
   1   1   3   1  0.29843715197366D+01  0.00000000000000D+00
   2   1   3   1  0.29843715197366D+01  0.00000000000000D+00
   3   1   3   1  0.59687430394731D+01  0.00000000000000D+00
   1   2   3   1 -0.29888738285107D+01 -0.32602688781147D-17
   2   2   3   1 -0.29888738285107D+01 -0.21815201249816D-17
   3   2   3   1 -0.59777476570214D+01 -0.72573066644166D-17
   1   4   3   1  0.00000000000000D+00  0.00000000000000D+00
   2   4   3   1  0.19123302377122D-16  0.00000000000000D+00
   3   4   3   1 -0.56123519945865D+01  0.00000000000000D+00
   1   1   1   2 -0.59777476565731D+01 -0.75391332472473D-18
   2   1   1   2 -0.29888738282865D+01  0.22528765098145D-17
   3   1   1   2 -0.29888738282865D+01  0.32602688781147D-17
   1   2   1   2  0.60738486733951D+01  0.00000000000000D+00
   2   2   1   2  0.30369243366975D+01  0.00000000000000D+00
   3   2   1   2  0.30369243366976D+01  0.00000000000000D+00
   1   4   1   2 -0.42966512106551D+02  0.00000000000000D+00
   2   4   1   2  0.32767036999048D-15  0.00000000000000D+00
   3   4   1   2 -0.15805448378551D-16  0.00000000000000D+00
   1   1   2   2 -0.29888738282865D+01  0.22528765098145D-17
   2   1   2   2 -0.59777476565731D+01 -0.29117806071133D-17
   3   1   2   2 -0.29888738282865D+01  0.21815201249816D-17
   1   2   2   2  0.30369243366975D+01  0.00000000000000D+00
   2   2   2   2  0.60738486733951D+01  0.00000000000000D+00
   3   2   2   2  0.30369243366976D+01  0.00000000000000D+00
   1   4   2   2  0.00000000000000D+00  0.00000000000000D+00
   2   4   2   2 -0.42966512106551D+02  0.00000000000000D+00
   3   4   2   2  0.20737469303941D-15  0.00000000000000D+00
   1   1   3   2 -0.29888738282865D+01  0.32602688781147D-17
   2   1   3   2 -0.29888738282865D+01  0.21815201249816D-17
   3   1   3   2 -0.59777476565731D+01  0.72573066644166D-17
   1   2   3   2  0.30369243366976D+01  0.00000000000000D+00
   2   2   3   2  0.30369243366976D+01  0.00000000000000D+00
   3   2   3   2  0.60738486733951D+01  0.00000000000000D+00
   1   4   3   2  0.00000000000000D+00  0.00000000000000D+00
   2   4   3   2 -0.44181813686420D-15  0.00000000000000D+00
   3   4   3   2 -0.42966512106551D+02  0.00000000000000D+00
   1   1   1   4 -0.56123519945865D+01  0.00000000000000D+00
   2   1   1   4  0.00000000000000D+00  0.00000000000000D+00
   3   1   1   4  0.00000000000000D+00  0.00000000000000D+00
   1   2   1   4 -0.42966512106551D+02  0.00000000000000D+00
   2   2   1   4 -0.29605947323338D-15  0.00000000000000D+00
   3   2   1   4  0.00000000000000D+00  0.00000000000000D+00
   1   4   1   4 -0.19703549732317D+03  0.00000000000000D+00
   2   4   1   4  0.65678499107723D+02  0.00000000000000D+00
   3   4   1   4  0.65678499107723D+02  0.00000000000000D+00
   1   1   2   4 -0.25818952318927D-16  0.00000000000000D+00
   2   1   2   4 -0.56123519945865D+01  0.00000000000000D+00
   3   1   2   4  0.19123302377122D-16  0.00000000000000D+00
   1   2   2   4  0.47416345135653D-16  0.00000000000000D+00
   2   2   2   4 -0.42966512106551D+02  0.00000000000000D+00
   3   2   2   4 -0.14575866363083D-15  0.00000000000000D+00
   1   4   2   4  0.65678499107723D+02  0.00000000000000D+00
   2   4   2   4 -0.19703549732317D+03  0.00000000000000D+00
   3   4   2   4  0.65678499107723D+02  0.00000000000000D+00
   1   1   3   4  0.82705689907596D-17  0.00000000000000D+00
   2   1   3   4  0.27729619816764D-16  0.00000000000000D+00
   3   1   3   4 -0.56123519945865D+01  0.00000000000000D+00
   1   2   3   4 -0.10449022857252D-15  0.00000000000000D+00
   2   2   3   4 -0.16156411200938D-15  0.00000000000000D+00
   3   2   3   4 -0.42966512106551D+02  0.00000000000000D+00
   1   4   3   4  0.65678499107723D+02  0.00000000000000D+00
   2   4   3   4  0.65678499107723D+02  0.00000000000000D+00
   3   4   3   4 -0.19703549732317D+03  0.00000000000000D+00

 3rd derivatives (long wave)  - # elements :         108
 qpt  0.00000000E+00  0.00000000E+00  0.00000000E+00   1.0
      0.00000000E+00  0.00000000E+00  0.00000000E+00   1.0
      0.00000000E+00  0.00000000E+00  0.00000000E+00   1.0
     1     4     1     1     1    10  0.00000000000000D+00 -0.47676741035120D+02
     2     4     1     1     1    10  0.00000000000000D+00  0.23838370437658D+02
     3     4     1     1     1    10  0.00000000000000D+00  0.23838370437658D+02
     1     4     2     1     1    10  0.00000000000000D+00  0.00000000000000D+00
     2     4     2     1     1    10  0.00000000000000D+00  0.23838370460753D+02
     3     4     2     1     1    10  0.00000000000000D+00  0.00000000000000D+00
     1     4     3     1     1    10  0.00000000000000D+00  0.00000000000000D+00
     2     4     3     1     1    10  0.00000000000000D+00  0.00000000000000D+00
     3     4     3     1     1    10  0.00000000000000D+00  0.23838370506012D+02
     1     4     1     2     1    10  0.00000000000000D+00  0.23091386248514D+02
     2     4     1     2     1    10  0.00000000000000D+00 -0.11545693418552D+02
     3     4     1     2     1    10  0.00000000000000D+00 -0.11545693418552D+02
     1     4     2     2     1    10  0.00000000000000D+00  0.00000000000000D+00
     2     4     2     2     1    10  0.00000000000000D+00 -0.11545693173615D+02
     3     4     2     2     1    10  0.00000000000000D+00  0.00000000000000D+00
     1     4     3     2     1    10  0.00000000000000D+00  0.00000000000000D+00
     2     4     3     2     1    10  0.00000000000000D+00  0.00000000000000D+00
     3     4     3     2     1    10  0.00000000000000D+00 -0.11545693246726D+02
     1     1     1     4     1    10  0.00000000000000D+00  0.47676741035120D+02
     2     1     1     4     1    10  0.00000000000000D+00 -0.00000000000000D+00
     3     1     1     4     1    10  0.00000000000000D+00 -0.00000000000000D+00
     1     2     1     4     1    10  0.00000000000000D+00 -0.23091386248514D+02
     2     2     1     4     1    10  0.00000000000000D+00 -0.00000000000000D+00
     3     2     1     4     1    10  0.00000000000000D+00 -0.00000000000000D+00
     1     1     2     4     1    10  0.00000000000000D+00 -0.23838370437658D+02
     2     1     2     4     1    10  0.00000000000000D+00 -0.23838370460753D+02
     3     1     2     4     1    10  0.00000000000000D+00 -0.00000000000000D+00
     1     2     2     4     1    10  0.00000000000000D+00  0.11545693418552D+02
     2     2     2     4     1    10  0.00000000000000D+00  0.11545693173615D+02
     3     2     2     4     1    10  0.00000000000000D+00 -0.00000000000000D+00
     1     1     3     4     1    10  0.00000000000000D+00 -0.23838370437658D+02
     2     1     3     4     1    10  0.00000000000000D+00 -0.00000000000000D+00
     3     1     3     4     1    10  0.00000000000000D+00 -0.23838370506012D+02
     1     2     3     4     1    10  0.00000000000000D+00  0.11545693418552D+02
     2     2     3     4     1    10  0.00000000000000D+00 -0.00000000000000D+00
     3     2     3     4     1    10  0.00000000000000D+00  0.11545693246726D+02
     1     4     1     1     2    10  0.00000000000000D+00  0.23838370506012D+02
     2     4     1     1     2    10  0.00000000000000D+00  0.00000000000000D+00
     3     4     1     1     2    10  0.00000000000000D+00  0.00000000000000D+00
     1     4     2     1     2    10  0.00000000000000D+00  0.23838370437658D+02
     2     4     2     1     2    10  0.00000000000000D+00 -0.47676741035120D+02
     3     4     2     1     2    10  0.00000000000000D+00  0.23838370437658D+02
     1     4     3     1     2    10  0.00000000000000D+00  0.00000000000000D+00
     2     4     3     1     2    10  0.00000000000000D+00  0.00000000000000D+00
     3     4     3     1     2    10  0.00000000000000D+00  0.23838370460753D+02
     1     4     1     2     2    10  0.00000000000000D+00 -0.11545693246726D+02
     2     4     1     2     2    10  0.00000000000000D+00  0.00000000000000D+00
     3     4     1     2     2    10  0.00000000000000D+00  0.00000000000000D+00
     1     4     2     2     2    10  0.00000000000000D+00 -0.11545693418552D+02
     2     4     2     2     2    10  0.00000000000000D+00  0.23091386248514D+02
     3     4     2     2     2    10  0.00000000000000D+00 -0.11545693418552D+02
     1     4     3     2     2    10  0.00000000000000D+00  0.00000000000000D+00
     2     4     3     2     2    10  0.00000000000000D+00  0.00000000000000D+00
     3     4     3     2     2    10  0.00000000000000D+00 -0.11545693173615D+02
     1     1     1     4     2    10  0.00000000000000D+00 -0.23838370506012D+02
     2     1     1     4     2    10  0.00000000000000D+00 -0.23838370437658D+02
     3     1     1     4     2    10  0.00000000000000D+00 -0.00000000000000D+00
     1     2     1     4     2    10  0.00000000000000D+00  0.11545693246726D+02
     2     2     1     4     2    10  0.00000000000000D+00  0.11545693418552D+02
     3     2     1     4     2    10  0.00000000000000D+00 -0.00000000000000D+00
     1     1     2     4     2    10  0.00000000000000D+00 -0.00000000000000D+00
     2     1     2     4     2    10  0.00000000000000D+00  0.47676741035120D+02
     3     1     2     4     2    10  0.00000000000000D+00 -0.00000000000000D+00
     1     2     2     4     2    10  0.00000000000000D+00 -0.00000000000000D+00
     2     2     2     4     2    10  0.00000000000000D+00 -0.23091386248514D+02
     3     2     2     4     2    10  0.00000000000000D+00 -0.00000000000000D+00
     1     1     3     4     2    10  0.00000000000000D+00 -0.00000000000000D+00
     2     1     3     4     2    10  0.00000000000000D+00 -0.23838370437658D+02
     3     1     3     4     2    10  0.00000000000000D+00 -0.23838370460753D+02
     1     2     3     4     2    10  0.00000000000000D+00 -0.00000000000000D+00
     2     2     3     4     2    10  0.00000000000000D+00  0.11545693418552D+02
     3     2     3     4     2    10  0.00000000000000D+00  0.11545693173615D+02
     1     4     1     1     3    10  0.00000000000000D+00  0.23838370506012D+02
     2     4     1     1     3    10  0.00000000000000D+00  0.00000000000000D+00
     3     4     1     1     3    10  0.00000000000000D+00  0.00000000000000D+00
     1     4     2     1     3    10  0.00000000000000D+00  0.00000000000000D+00
     2     4     2     1     3    10  0.00000000000000D+00  0.23838370506012D+02
     3     4     2     1     3    10  0.00000000000000D+00  0.00000000000000D+00
     1     4     3     1     3    10  0.00000000000000D+00  0.23838370437658D+02
     2     4     3     1     3    10  0.00000000000000D+00  0.23838370437658D+02
     3     4     3     1     3    10  0.00000000000000D+00 -0.47676741035120D+02
     1     4     1     2     3    10  0.00000000000000D+00 -0.11545693246726D+02
     2     4     1     2     3    10  0.00000000000000D+00  0.00000000000000D+00
     3     4     1     2     3    10  0.00000000000000D+00  0.00000000000000D+00
     1     4     2     2     3    10  0.00000000000000D+00  0.00000000000000D+00
     2     4     2     2     3    10  0.00000000000000D+00 -0.11545693246726D+02
     3     4     2     2     3    10  0.00000000000000D+00  0.00000000000000D+00
     1     4     3     2     3    10  0.00000000000000D+00 -0.11545693418552D+02
     2     4     3     2     3    10  0.00000000000000D+00 -0.11545693418552D+02
     3     4     3     2     3    10  0.00000000000000D+00  0.23091386248514D+02
     1     1     1     4     3    10  0.00000000000000D+00 -0.23838370506012D+02
     2     1     1     4     3    10  0.00000000000000D+00 -0.00000000000000D+00
     3     1     1     4     3    10  0.00000000000000D+00 -0.23838370437658D+02
     1     2     1     4     3    10  0.00000000000000D+00  0.11545693246726D+02
     2     2     1     4     3    10  0.00000000000000D+00 -0.00000000000000D+00
     3     2     1     4     3    10  0.00000000000000D+00  0.11545693418552D+02
     1     1     2     4     3    10  0.00000000000000D+00 -0.00000000000000D+00
     2     1     2     4     3    10  0.00000000000000D+00 -0.23838370506012D+02
     3     1     2     4     3    10  0.00000000000000D+00 -0.23838370437658D+02
     1     2     2     4     3    10  0.00000000000000D+00 -0.00000000000000D+00
     2     2     2     4     3    10  0.00000000000000D+00  0.11545693246726D+02
     3     2     2     4     3    10  0.00000000000000D+00  0.11545693418552D+02
     1     1     3     4     3    10  0.00000000000000D+00 -0.00000000000000D+00
     2     1     3     4     3    10  0.00000000000000D+00 -0.00000000000000D+00
     3     1     3     4     3    10  0.00000000000000D+00  0.47676741035120D+02
     1     2     3     4     3    10  0.00000000000000D+00 -0.00000000000000D+00
     2     2     3     4     3    10  0.00000000000000D+00 -0.00000000000000D+00
     3     2     3     4     3    10  0.00000000000000D+00 -0.23091386248514D+02
