
 **** DERIVATIVE DATABASE ****
+DDB, Version number  20230401

 DDB file merged by PhononWork on Sun Jun 29 12:47:55 2025

    usepaw         0
     natom         2
      nkpt        16
    nsppol         1
      nsym        24
    ntypat         2
    occopt         1
     nband         4
     acell  0.10000000000000D+01  0.10000000000000D+01  0.10000000000000D+01
       amu  0.26981539000000D+02  0.74921590000000D+02
   dilatmx  0.10000000000000D+01
      ecut  0.20000000000000D+01
    ecutsm  0.00000000000000D+00
     intxc         0
      iscf         7
       ixc         1
       kpt -0.25000000000000D+00  0.50000000000000D+00  0.00000000000000D+00
            0.50000000000000D+00 -0.25000000000000D+00  0.00000000000000D+00
           -0.25000000000000D+00 -0.25000000000000D+00  0.25000000000000D+00
           -0.25000000000000D+00  0.00000000000000D+00  0.00000000000000D+00
           -0.25000000000000D+00  0.25000000000000D+00  0.25000000000000D+00
            0.50000000000000D+00  0.50000000000000D+00  0.25000000000000D+00
           -0.25000000000000D+00  0.50000000000000D+00  0.50000000000000D+00
            0.00000000000000D+00 -0.25000000000000D+00  0.00000000000000D+00
            0.25000000000000D+00 -0.25000000000000D+00  0.25000000000000D+00
            0.50000000000000D+00 -0.25000000000000D+00  0.50000000000000D+00
           -0.25000000000000D+00 -0.25000000000000D+00 -0.25000000000000D+00
            0.50000000000000D+00  0.00000000000000D+00  0.25000000000000D+00
           -0.25000000000000D+00  0.00000000000000D+00  0.50000000000000D+00
            0.00000000000000D+00  0.50000000000000D+00  0.25000000000000D+00
            0.00000000000000D+00 -0.25000000000000D+00  0.50000000000000D+00
            0.00000000000000D+00  0.00000000000000D+00  0.25000000000000D+00
    kptnrm  0.10000000000000D+01
     ngfft        10   10   10
    nspden         1
   nspinor         1
       occ  0.20000000000000D+01  0.20000000000000D+01  0.20000000000000D+01
            0.20000000000000D+01
     rprim  0.00000000000000D+00  0.53050000000000D+01  0.53050000000000D+01
            0.53050000000000D+01  0.00000000000000D+00  0.53050000000000D+01
            0.53050000000000D+01  0.53050000000000D+01  0.00000000000000D+00
  dfpt_sciss  0.00000000000000D+00
    spinat  0.00000000000000D+00  0.00000000000000D+00  0.00000000000000D+00
            0.00000000000000D+00  0.00000000000000D+00  0.00000000000000D+00
    symafm         1    1    1    1    1    1    1    1    1    1    1    1
                   1    1    1    1    1    1    1    1    1    1    1    1
    symrel         1    0    0    0    1    0    0    0    1
                   0   -1    1    0   -1    0    1   -1    0
                  -1    0    0   -1    0    1   -1    1    0
                   0    1   -1    1    0   -1    0    0   -1
                  -1    0    0   -1    1    0   -1    0    1
                   0   -1    1    1   -1    0    0   -1    0
                   1    0    0    0    0    1    0    1    0
                   0    1   -1    0    0   -1    1    0   -1
                  -1    0    1   -1    1    0   -1    0    0
                   0   -1    0    1   -1    0    0   -1    1
                   1    0   -1    0    0   -1    0    1   -1
                   0    1    0    0    0    1    1    0    0
                   1    0   -1    0    1   -1    0    0   -1
                   0   -1    0    0   -1    1    1   -1    0
                  -1    0    1   -1    0    0   -1    1    0
                   0    1    0    1    0    0    0    0    1
                   0    0   -1    0    1   -1    1    0   -1
                   1   -1    0    0   -1    1    0   -1    0
                   0    0    1    1    0    0    0    1    0
                  -1    1    0   -1    0    0   -1    0    1
                   0    0    1    0    1    0    1    0    0
                   1   -1    0    0   -1    0    0   -1    1
                   0    0   -1    1    0   -1    0    1   -1
                  -1    1    0   -1    0    1   -1    0    0
     tnons  0.00000000000000D+00  0.00000000000000D+00  0.00000000000000D+00
            0.00000000000000D+00  0.00000000000000D+00  0.00000000000000D+00
            0.00000000000000D+00  0.00000000000000D+00  0.00000000000000D+00
            0.00000000000000D+00  0.00000000000000D+00  0.00000000000000D+00
            0.00000000000000D+00  0.00000000000000D+00  0.00000000000000D+00
            0.00000000000000D+00  0.00000000000000D+00  0.00000000000000D+00
            0.00000000000000D+00  0.00000000000000D+00  0.00000000000000D+00
            0.00000000000000D+00  0.00000000000000D+00  0.00000000000000D+00
            0.00000000000000D+00  0.00000000000000D+00  0.00000000000000D+00
            0.00000000000000D+00  0.00000000000000D+00  0.00000000000000D+00
            0.00000000000000D+00  0.00000000000000D+00  0.00000000000000D+00
            0.00000000000000D+00  0.00000000000000D+00  0.00000000000000D+00
            0.00000000000000D+00  0.00000000000000D+00  0.00000000000000D+00
            0.00000000000000D+00  0.00000000000000D+00  0.00000000000000D+00
            0.00000000000000D+00  0.00000000000000D+00  0.00000000000000D+00
            0.00000000000000D+00  0.00000000000000D+00  0.00000000000000D+00
            0.00000000000000D+00  0.00000000000000D+00  0.00000000000000D+00
            0.00000000000000D+00  0.00000000000000D+00  0.00000000000000D+00
            0.00000000000000D+00  0.00000000000000D+00  0.00000000000000D+00
            0.00000000000000D+00  0.00000000000000D+00  0.00000000000000D+00
            0.00000000000000D+00  0.00000000000000D+00  0.00000000000000D+00
            0.00000000000000D+00  0.00000000000000D+00  0.00000000000000D+00
            0.00000000000000D+00  0.00000000000000D+00  0.00000000000000D+00
            0.00000000000000D+00  0.00000000000000D+00  0.00000000000000D+00
    tolwfr  0.10000000000000D+01
   tphysel  0.00000000000000D+00
    tsmear  0.10000000000000D-01
     typat         1    2
       wtk  0.62500000000000D-01  0.62500000000000D-01  0.62500000000000D-01
            0.62500000000000D-01  0.62500000000000D-01  0.62500000000000D-01
            0.62500000000000D-01  0.62500000000000D-01  0.62500000000000D-01
            0.62500000000000D-01  0.62500000000000D-01  0.62500000000000D-01
            0.62500000000000D-01  0.62500000000000D-01  0.62500000000000D-01
            0.62500000000000D-01
      xred  0.00000000000000D+00  0.00000000000000D+00  0.00000000000000D+00
            0.25000000000000D+00  0.25000000000000D+00  0.25000000000000D+00
     znucl  0.13000000000000D+02  0.33000000000000D+02
      zion  0.30000000000000D+01  0.50000000000000D+01

  Description of the potentials (KB energies)
  vrsio8 (for pseudopotentials)=100401
  usepaw =  0
  dimekb =  3       lmnmax=  9
  Atom type=    1   pspso=  0   nekb=   2
  iln lpsang iproj  ekb(:)
     1     0     1     1.7687444E+00  0.0000000E+00
     2     1     1     0.0000000E+00  9.0055415E-01
  Atom type=    2   pspso=  0   nekb=   1
  iln lpsang iproj  ekb(:)
     1     0     1     8.3875106E-01

 **** Database of total energy derivatives ****
 Number of data blocks=    2

 2nd derivatives (non-stat.)  - # elements :          81
 qpt  0.00000000E+00  0.00000000E+00  0.00000000E+00   1.0
   1   1   1   1  0.58506568256949D+01  0.00000000000000D+00
   2   1   1   1  0.29253284128474D+01  0.00000000000000D+00
   3   1   1   1  0.29253284128474D+01  0.00000000000000D+00
   1   2   1   1 -0.58949845044831D+01  0.75391332472473D-18
   2   2   1   1 -0.29474922522415D+01 -0.22528765098145D-17
   3   2   1   1 -0.29474922522415D+01 -0.32602688781147D-17
   1   4   1   1 -0.71421684116969D+01  0.00000000000000D+00
   2   4   1   1  0.19428907838879D-17  0.00000000000000D+00
   3   4   1   1  0.17532271685142D-16  0.00000000000000D+00
   1   1   2   1  0.29253284128474D+01  0.00000000000000D+00
   2   1   2   1  0.58506568256949D+01  0.00000000000000D+00
   3   1   2   1  0.29253284128474D+01  0.00000000000000D+00
   1   2   2   1 -0.29474922522415D+01 -0.22528765098145D-17
   2   2   2   1 -0.58949845044831D+01  0.29117806071133D-17
   3   2   2   1 -0.29474922522415D+01 -0.21815201249816D-17
   1   4   2   1  0.00000000000000D+00  0.00000000000000D+00
   2   4   2   1 -0.71421684116969D+01  0.00000000000000D+00
   3   4   2   1 -0.33727019754609D-17  0.00000000000000D+00
   1   1   3   1  0.29253284128474D+01  0.00000000000000D+00
   2   1   3   1  0.29253284128474D+01  0.00000000000000D+00
   3   1   3   1  0.58506568256949D+01  0.00000000000000D+00
   1   2   3   1 -0.29474922522415D+01 -0.32602688781147D-17
   2   2   3   1 -0.29474922522415D+01 -0.21815201249816D-17
   3   2   3   1 -0.58949845044831D+01 -0.72573066644166D-17
   1   4   3   1  0.00000000000000D+00  0.00000000000000D+00
   2   4   3   1  0.32204920987138D-16  0.00000000000000D+00
   3   4   3   1 -0.71421684116969D+01  0.00000000000000D+00
   1   1   1   2 -0.58949845026035D+01 -0.75391332472473D-18
   2   1   1   2 -0.29474922513018D+01  0.22528765098145D-17
   3   1   1   2 -0.29474922513018D+01  0.32602688781147D-17
   1   2   1   2  0.65064497333068D+01  0.00000000000000D+00
   2   2   1   2  0.32532248666534D+01  0.00000000000000D+00
   3   2   1   2  0.32532248666534D+01  0.00000000000000D+00
   1   4   1   2 -0.49171975529306D+02  0.00000000000000D+00
   2   4   1   2 -0.67196415968596D-16  0.00000000000000D+00
   3   4   1   2 -0.11443152863239D-15  0.00000000000000D+00
   1   1   2   2 -0.29474922513018D+01  0.22528765098145D-17
   2   1   2   2 -0.58949845026035D+01 -0.29117806071133D-17
   3   1   2   2 -0.29474922513018D+01  0.21815201249816D-17
   1   2   2   2  0.32532248666534D+01  0.00000000000000D+00
   2   2   2   2  0.65064497333068D+01  0.00000000000000D+00
   3   2   2   2  0.32532248666534D+01  0.00000000000000D+00
   1   4   2   2  0.00000000000000D+00  0.00000000000000D+00
   2   4   2   2 -0.49171975529306D+02  0.00000000000000D+00
   3   4   2   2 -0.85077810294806D-16  0.00000000000000D+00
   1   1   3   2 -0.29474922513018D+01  0.32602688781147D-17
   2   1   3   2 -0.29474922513018D+01  0.21815201249816D-17
   3   1   3   2 -0.58949845026035D+01  0.72573066644166D-17
   1   2   3   2  0.32532248666534D+01  0.00000000000000D+00
   2   2   3   2  0.32532248666534D+01  0.00000000000000D+00
   3   2   3   2  0.65064497333067D+01  0.00000000000000D+00
   1   4   3   2  0.29605947323338D-15  0.00000000000000D+00
   2   4   3   2 -0.23735203655821D-15  0.00000000000000D+00
   3   4   3   2 -0.49171975529306D+02  0.00000000000000D+00
   1   1   1   4 -0.71421684116969D+01  0.00000000000000D+00
   2   1   1   4  0.00000000000000D+00  0.00000000000000D+00
   3   1   1   4 -0.37007434154172D-16  0.00000000000000D+00
   1   2   1   4 -0.49171975529306D+02  0.00000000000000D+00
   2   2   1   4 -0.29605947323338D-15  0.00000000000000D+00
   3   2   1   4  0.00000000000000D+00  0.00000000000000D+00
   1   4   1   4 -0.29990190880405D+03  0.00000000000000D+00
   2   4   1   4  0.99967302934685D+02  0.00000000000000D+00
   3   4   1   4  0.99967302934685D+02  0.00000000000000D+00
   1   1   2   4 -0.15589380901254D-16  0.00000000000000D+00
   2   1   2   4 -0.71421684116969D+01  0.00000000000000D+00
   3   1   2   4  0.32204920987138D-16  0.00000000000000D+00
   1   2   2   4  0.34329458586270D-15  0.00000000000000D+00
   2   2   2   4 -0.49171975529306D+02  0.00000000000000D+00
   3   2   2   4 -0.23735203656682D-15  0.00000000000000D+00
   1   4   2   4  0.99967302934685D+02  0.00000000000000D+00
   2   4   2   4 -0.29990190880405D+03  0.00000000000000D+00
   3   4   2   4  0.99967302934685D+02  0.00000000000000D+00
   1   1   3   4  0.14159569709681D-16  0.00000000000000D+00
   2   1   3   4  0.12729758518108D-16  0.00000000000000D+00
   3   1   3   4 -0.71421684116969D+01  0.00000000000000D+00
   1   2   3   4  0.96550134306179D-16  0.00000000000000D+00
   2   2   3   4  0.24033538127615D-15  0.00000000000000D+00
   3   2   3   4 -0.49171975529306D+02  0.00000000000000D+00
   1   4   3   4  0.99967302934685D+02  0.00000000000000D+00
   2   4   3   4  0.99967302934685D+02  0.00000000000000D+00
   3   4   3   4 -0.29990190880405D+03  0.00000000000000D+00

 3rd derivatives (long wave)  - # elements :         108
 qpt  0.00000000E+00  0.00000000E+00  0.00000000E+00   1.0
      0.00000000E+00  0.00000000E+00  0.00000000E+00   1.0
      0.00000000E+00  0.00000000E+00  0.00000000E+00   1.0
     1     4     1     1     1    10  0.00000000000000D+00 -0.74933662216520D+02
     2     4     1     1     1    10  0.00000000000000D+00  0.37466831029292D+02
     3     4     1     1     1    10  0.00000000000000D+00  0.37466831029292D+02
     1     4     2     1     1    10  0.00000000000000D+00  0.00000000000000D+00
     2     4     2     1     1    10  0.00000000000000D+00  0.37466831169253D+02
     3     4     2     1     1    10  0.00000000000000D+00  0.00000000000000D+00
     1     4     3     1     1    10  0.00000000000000D+00  0.00000000000000D+00
     2     4     3     1     1    10  0.00000000000000D+00  0.00000000000000D+00
     3     4     3     1     1    10  0.00000000000000D+00  0.37466831038279D+02
     1     4     1     2     1    10  0.00000000000000D+00  0.46832664149080D+02
     2     4     1     2     1    10  0.00000000000000D+00 -0.23416332473289D+02
     3     4     1     2     1    10  0.00000000000000D+00 -0.23416332473289D+02
     1     4     2     2     1    10  0.00000000000000D+00  0.00000000000000D+00
     2     4     2     2     1    10  0.00000000000000D+00 -0.23416331700249D+02
     3     4     2     2     1    10  0.00000000000000D+00  0.00000000000000D+00
     1     4     3     2     1    10  0.00000000000000D+00  0.00000000000000D+00
     2     4     3     2     1    10  0.00000000000000D+00  0.00000000000000D+00
     3     4     3     2     1    10  0.00000000000000D+00 -0.23416332461060D+02
     1     1     1     4     1    10  0.00000000000000D+00  0.74933662216520D+02
     2     1     1     4     1    10  0.00000000000000D+00 -0.00000000000000D+00
     3     1     1     4     1    10  0.00000000000000D+00 -0.00000000000000D+00
     1     2     1     4     1    10  0.00000000000000D+00 -0.46832664149080D+02
     2     2     1     4     1    10  0.00000000000000D+00 -0.00000000000000D+00
     3     2     1     4     1    10  0.00000000000000D+00 -0.00000000000000D+00
     1     1     2     4     1    10  0.00000000000000D+00 -0.37466831029292D+02
     2     1     2     4     1    10  0.00000000000000D+00 -0.37466831169253D+02
     3     1     2     4     1    10  0.00000000000000D+00 -0.00000000000000D+00
     1     2     2     4     1    10  0.00000000000000D+00  0.23416332473289D+02
     2     2     2     4     1    10  0.00000000000000D+00  0.23416331700249D+02
     3     2     2     4     1    10  0.00000000000000D+00 -0.00000000000000D+00
     1     1     3     4     1    10  0.00000000000000D+00 -0.37466831029292D+02
     2     1     3     4     1    10  0.00000000000000D+00 -0.00000000000000D+00
     3     1     3     4     1    10  0.00000000000000D+00 -0.37466831038279D+02
     1     2     3     4     1    10  0.00000000000000D+00  0.23416332473289D+02
     2     2     3     4     1    10  0.00000000000000D+00 -0.00000000000000D+00
     3     2     3     4     1    10  0.00000000000000D+00  0.23416332461060D+02
     1     4     1     1     2    10  0.00000000000000D+00  0.37466831038279D+02
     2     4     1     1     2    10  0.00000000000000D+00  0.00000000000000D+00
     3     4     1     1     2    10  0.00000000000000D+00  0.00000000000000D+00
     1     4     2     1     2    10  0.00000000000000D+00  0.37466831029292D+02
     2     4     2     1     2    10  0.00000000000000D+00 -0.74933662216520D+02
     3     4     2     1     2    10  0.00000000000000D+00  0.37466831029292D+02
     1     4     3     1     2    10  0.00000000000000D+00  0.00000000000000D+00
     2     4     3     1     2    10  0.00000000000000D+00  0.00000000000000D+00
     3     4     3     1     2    10  0.00000000000000D+00  0.37466831169253D+02
     1     4     1     2     2    10  0.00000000000000D+00 -0.23416332461060D+02
     2     4     1     2     2    10  0.00000000000000D+00  0.00000000000000D+00
     3     4     1     2     2    10  0.00000000000000D+00  0.00000000000000D+00
     1     4     2     2     2    10  0.00000000000000D+00 -0.23416332473289D+02
     2     4     2     2     2    10  0.00000000000000D+00  0.46832664149080D+02
     3     4     2     2     2    10  0.00000000000000D+00 -0.23416332473289D+02
     1     4     3     2     2    10  0.00000000000000D+00  0.00000000000000D+00
     2     4     3     2     2    10  0.00000000000000D+00  0.00000000000000D+00
     3     4     3     2     2    10  0.00000000000000D+00 -0.23416331700249D+02
     1     1     1     4     2    10  0.00000000000000D+00 -0.37466831038279D+02
     2     1     1     4     2    10  0.00000000000000D+00 -0.37466831029292D+02
     3     1     1     4     2    10  0.00000000000000D+00 -0.00000000000000D+00
     1     2     1     4     2    10  0.00000000000000D+00  0.23416332461060D+02
     2     2     1     4     2    10  0.00000000000000D+00  0.23416332473289D+02
     3     2     1     4     2    10  0.00000000000000D+00 -0.00000000000000D+00
     1     1     2     4     2    10  0.00000000000000D+00 -0.00000000000000D+00
     2     1     2     4     2    10  0.00000000000000D+00  0.74933662216520D+02
     3     1     2     4     2    10  0.00000000000000D+00 -0.00000000000000D+00
     1     2     2     4     2    10  0.00000000000000D+00 -0.00000000000000D+00
     2     2     2     4     2    10  0.00000000000000D+00 -0.46832664149080D+02
     3     2     2     4     2    10  0.00000000000000D+00 -0.00000000000000D+00
     1     1     3     4     2    10  0.00000000000000D+00 -0.00000000000000D+00
     2     1     3     4     2    10  0.00000000000000D+00 -0.37466831029292D+02
     3     1     3     4     2    10  0.00000000000000D+00 -0.37466831169253D+02
     1     2     3     4     2    10  0.00000000000000D+00 -0.00000000000000D+00
     2     2     3     4     2    10  0.00000000000000D+00  0.23416332473289D+02
     3     2     3     4     2    10  0.00000000000000D+00  0.23416331700249D+02
     1     4     1     1     3    10  0.00000000000000D+00  0.37466831038279D+02
     2     4     1     1     3    10  0.00000000000000D+00  0.00000000000000D+00
     3     4     1     1     3    10  0.00000000000000D+00  0.00000000000000D+00
     1     4     2     1     3    10  0.00000000000000D+00  0.00000000000000D+00
     2     4     2     1     3    10  0.00000000000000D+00  0.37466831038279D+02
     3     4     2     1     3    10  0.00000000000000D+00  0.00000000000000D+00
     1     4     3     1     3    10  0.00000000000000D+00  0.37466831029292D+02
     2     4     3     1     3    10  0.00000000000000D+00  0.37466831029292D+02
     3     4     3     1     3    10  0.00000000000000D+00 -0.74933662216520D+02
     1     4     1     2     3    10  0.00000000000000D+00 -0.23416332461060D+02
     2     4     1     2     3    10  0.00000000000000D+00  0.00000000000000D+00
     3     4     1     2     3    10  0.00000000000000D+00  0.00000000000000D+00
     1     4     2     2     3    10  0.00000000000000D+00  0.00000000000000D+00
     2     4     2     2     3    10  0.00000000000000D+00 -0.23416332461060D+02
     3     4     2     2     3    10  0.00000000000000D+00  0.00000000000000D+00
     1     4     3     2     3    10  0.00000000000000D+00 -0.23416332473289D+02
     2     4     3     2     3    10  0.00000000000000D+00 -0.23416332473289D+02
     3     4     3     2     3    10  0.00000000000000D+00  0.46832664149080D+02
     1     1     1     4     3    10  0.00000000000000D+00 -0.37466831038279D+02
     2     1     1     4     3    10  0.00000000000000D+00 -0.00000000000000D+00
     3     1     1     4     3    10  0.00000000000000D+00 -0.37466831029292D+02
     1     2     1     4     3    10  0.00000000000000D+00  0.23416332461060D+02
     2     2     1     4     3    10  0.00000000000000D+00 -0.00000000000000D+00
     3     2     1     4     3    10  0.00000000000000D+00  0.23416332473289D+02
     1     1     2     4     3    10  0.00000000000000D+00 -0.00000000000000D+00
     2     1     2     4     3    10  0.00000000000000D+00 -0.37466831038279D+02
     3     1     2     4     3    10  0.00000000000000D+00 -0.37466831029292D+02
     1     2     2     4     3    10  0.00000000000000D+00 -0.00000000000000D+00
     2     2     2     4     3    10  0.00000000000000D+00  0.23416332461060D+02
     3     2     2     4     3    10  0.00000000000000D+00  0.23416332473289D+02
     1     1     3     4     3    10  0.00000000000000D+00 -0.00000000000000D+00
     2     1     3     4     3    10  0.00000000000000D+00 -0.00000000000000D+00
     3     1     3     4     3    10  0.00000000000000D+00  0.74933662216520D+02
     1     2     3     4     3    10  0.00000000000000D+00 -0.00000000000000D+00
     2     2     3     4     3    10  0.00000000000000D+00 -0.00000000000000D+00
     3     2     3     4     3    10  0.00000000000000D+00 -0.46832664149080D+02
