
 **** DERIVATIVE DATABASE ****
+DDB, Version number  20230401

 DDB file merged by PhononWork on Sun Jun 29 12:48:23 2025

    usepaw         0
     natom         2
      nkpt       128
    nsppol         1
      nsym        24
    ntypat         2
    occopt         1
     nband         4
     acell  0.10000000000000D+01  0.10000000000000D+01  0.10000000000000D+01
       amu  0.26981539000000D+02  0.74921590000000D+02
   dilatmx  0.10000000000000D+01
      ecut  0.20000000000000D+01
    ecutsm  0.00000000000000D+00
     intxc         0
      iscf         7
       ixc         1
       kpt -0.12500000000000D+00 -0.25000000000000D+00  0.00000000000000D+00
           -0.25000000000000D+00 -0.12500000000000D+00  0.00000000000000D+00
           -0.12500000000000D+00 -0.12500000000000D+00  0.12500000000000D+00
           -0.12500000000000D+00  0.50000000000000D+00  0.00000000000000D+00
           -0.25000000000000D+00 -0.37500000000000D+00  0.00000000000000D+00
           -0.12500000000000D+00 -0.37500000000000D+00  0.12500000000000D+00
           -0.37500000000000D+00 -0.25000000000000D+00  0.00000000000000D+00
           -0.25000000000000D+00 -0.25000000000000D+00  0.12500000000000D+00
           -0.12500000000000D+00 -0.25000000000000D+00  0.25000000000000D+00
            0.50000000000000D+00 -0.12500000000000D+00  0.00000000000000D+00
           -0.37500000000000D+00 -0.12500000000000D+00  0.12500000000000D+00
           -0.25000000000000D+00 -0.12500000000000D+00  0.25000000000000D+00
           -0.12500000000000D+00 -0.12500000000000D+00  0.37500000000000D+00
           -0.12500000000000D+00  0.25000000000000D+00  0.00000000000000D+00
           -0.25000000000000D+00  0.37500000000000D+00  0.00000000000000D+00
           -0.12500000000000D+00  0.37500000000000D+00  0.12500000000000D+00
           -0.37500000000000D+00  0.50000000000000D+00  0.00000000000000D+00
           -0.25000000000000D+00  0.50000000000000D+00  0.12500000000000D+00
           -0.12500000000000D+00  0.50000000000000D+00  0.25000000000000D+00
            0.50000000000000D+00 -0.37500000000000D+00  0.00000000000000D+00
           -0.37500000000000D+00 -0.37500000000000D+00  0.12500000000000D+00
           -0.25000000000000D+00 -0.37500000000000D+00  0.25000000000000D+00
           -0.12500000000000D+00 -0.37500000000000D+00  0.37500000000000D+00
            0.37500000000000D+00 -0.25000000000000D+00  0.00000000000000D+00
            0.50000000000000D+00 -0.25000000000000D+00  0.12500000000000D+00
           -0.37500000000000D+00 -0.25000000000000D+00  0.25000000000000D+00
           -0.25000000000000D+00 -0.25000000000000D+00  0.37500000000000D+00
           -0.12500000000000D+00 -0.25000000000000D+00  0.50000000000000D+00
            0.25000000000000D+00 -0.12500000000000D+00  0.00000000000000D+00
            0.37500000000000D+00 -0.12500000000000D+00  0.12500000000000D+00
            0.50000000000000D+00 -0.12500000000000D+00  0.25000000000000D+00
           -0.37500000000000D+00 -0.12500000000000D+00  0.37500000000000D+00
           -0.25000000000000D+00 -0.12500000000000D+00  0.50000000000000D+00
           -0.12500000000000D+00 -0.12500000000000D+00 -0.37500000000000D+00
           -0.12500000000000D+00  0.00000000000000D+00  0.00000000000000D+00
           -0.12500000000000D+00  0.12500000000000D+00  0.12500000000000D+00
           -0.25000000000000D+00  0.25000000000000D+00  0.12500000000000D+00
           -0.12500000000000D+00  0.25000000000000D+00  0.25000000000000D+00
           -0.37500000000000D+00  0.37500000000000D+00  0.12500000000000D+00
           -0.25000000000000D+00  0.37500000000000D+00  0.25000000000000D+00
           -0.12500000000000D+00  0.37500000000000D+00  0.37500000000000D+00
            0.50000000000000D+00  0.50000000000000D+00  0.12500000000000D+00
           -0.37500000000000D+00  0.50000000000000D+00  0.25000000000000D+00
           -0.25000000000000D+00  0.50000000000000D+00  0.37500000000000D+00
           -0.12500000000000D+00  0.50000000000000D+00  0.50000000000000D+00
            0.37500000000000D+00 -0.37500000000000D+00  0.12500000000000D+00
            0.50000000000000D+00 -0.37500000000000D+00  0.25000000000000D+00
           -0.37500000000000D+00 -0.37500000000000D+00  0.37500000000000D+00
           -0.25000000000000D+00 -0.37500000000000D+00  0.50000000000000D+00
           -0.12500000000000D+00 -0.37500000000000D+00 -0.37500000000000D+00
            0.25000000000000D+00 -0.25000000000000D+00  0.12500000000000D+00
            0.37500000000000D+00 -0.25000000000000D+00  0.25000000000000D+00
            0.50000000000000D+00 -0.25000000000000D+00  0.37500000000000D+00
           -0.37500000000000D+00 -0.25000000000000D+00  0.50000000000000D+00
           -0.25000000000000D+00 -0.25000000000000D+00 -0.37500000000000D+00
           -0.12500000000000D+00 -0.25000000000000D+00 -0.25000000000000D+00
            0.00000000000000D+00 -0.12500000000000D+00  0.00000000000000D+00
            0.12500000000000D+00 -0.12500000000000D+00  0.12500000000000D+00
            0.25000000000000D+00 -0.12500000000000D+00  0.25000000000000D+00
            0.37500000000000D+00 -0.12500000000000D+00  0.37500000000000D+00
            0.50000000000000D+00 -0.12500000000000D+00  0.50000000000000D+00
           -0.37500000000000D+00 -0.12500000000000D+00 -0.37500000000000D+00
           -0.25000000000000D+00 -0.12500000000000D+00 -0.25000000000000D+00
           -0.12500000000000D+00 -0.12500000000000D+00 -0.12500000000000D+00
           -0.37500000000000D+00  0.00000000000000D+00  0.00000000000000D+00
           -0.25000000000000D+00  0.00000000000000D+00  0.12500000000000D+00
           -0.12500000000000D+00  0.00000000000000D+00  0.25000000000000D+00
           -0.37500000000000D+00  0.12500000000000D+00  0.12500000000000D+00
           -0.25000000000000D+00  0.12500000000000D+00  0.25000000000000D+00
           -0.12500000000000D+00  0.12500000000000D+00  0.37500000000000D+00
            0.50000000000000D+00  0.25000000000000D+00  0.12500000000000D+00
           -0.37500000000000D+00  0.25000000000000D+00  0.25000000000000D+00
           -0.25000000000000D+00  0.25000000000000D+00  0.37500000000000D+00
           -0.12500000000000D+00  0.25000000000000D+00  0.50000000000000D+00
            0.37500000000000D+00  0.37500000000000D+00  0.12500000000000D+00
            0.50000000000000D+00  0.37500000000000D+00  0.25000000000000D+00
           -0.37500000000000D+00  0.37500000000000D+00  0.37500000000000D+00
           -0.25000000000000D+00  0.37500000000000D+00  0.50000000000000D+00
           -0.12500000000000D+00  0.37500000000000D+00 -0.37500000000000D+00
            0.25000000000000D+00  0.50000000000000D+00  0.12500000000000D+00
            0.37500000000000D+00  0.50000000000000D+00  0.25000000000000D+00
            0.50000000000000D+00  0.50000000000000D+00  0.37500000000000D+00
           -0.37500000000000D+00  0.50000000000000D+00  0.50000000000000D+00
           -0.25000000000000D+00  0.50000000000000D+00 -0.37500000000000D+00
           -0.12500000000000D+00  0.50000000000000D+00 -0.25000000000000D+00
            0.00000000000000D+00 -0.37500000000000D+00  0.00000000000000D+00
            0.12500000000000D+00 -0.37500000000000D+00  0.12500000000000D+00
            0.25000000000000D+00 -0.37500000000000D+00  0.25000000000000D+00
            0.37500000000000D+00 -0.37500000000000D+00  0.37500000000000D+00
            0.50000000000000D+00 -0.37500000000000D+00  0.50000000000000D+00
           -0.37500000000000D+00 -0.37500000000000D+00 -0.37500000000000D+00
           -0.25000000000000D+00 -0.37500000000000D+00 -0.25000000000000D+00
           -0.12500000000000D+00 -0.37500000000000D+00 -0.12500000000000D+00
            0.00000000000000D+00 -0.25000000000000D+00  0.12500000000000D+00
            0.12500000000000D+00 -0.25000000000000D+00  0.25000000000000D+00
            0.25000000000000D+00 -0.25000000000000D+00  0.37500000000000D+00
            0.37500000000000D+00 -0.25000000000000D+00  0.50000000000000D+00
            0.50000000000000D+00 -0.25000000000000D+00 -0.37500000000000D+00
           -0.37500000000000D+00 -0.25000000000000D+00 -0.25000000000000D+00
           -0.25000000000000D+00 -0.25000000000000D+00 -0.12500000000000D+00
            0.00000000000000D+00 -0.12500000000000D+00  0.25000000000000D+00
            0.12500000000000D+00 -0.12500000000000D+00  0.37500000000000D+00
            0.25000000000000D+00 -0.12500000000000D+00  0.50000000000000D+00
            0.37500000000000D+00 -0.12500000000000D+00 -0.37500000000000D+00
            0.50000000000000D+00 -0.12500000000000D+00 -0.25000000000000D+00
           -0.37500000000000D+00 -0.12500000000000D+00 -0.12500000000000D+00
            0.50000000000000D+00  0.00000000000000D+00  0.12500000000000D+00
           -0.37500000000000D+00  0.00000000000000D+00  0.25000000000000D+00
           -0.25000000000000D+00  0.00000000000000D+00  0.37500000000000D+00
           -0.12500000000000D+00  0.00000000000000D+00  0.50000000000000D+00
            0.00000000000000D+00  0.50000000000000D+00  0.12500000000000D+00
            0.00000000000000D+00 -0.37500000000000D+00  0.25000000000000D+00
            0.00000000000000D+00 -0.25000000000000D+00  0.37500000000000D+00
            0.00000000000000D+00 -0.12500000000000D+00  0.50000000000000D+00
            0.25000000000000D+00  0.00000000000000D+00  0.12500000000000D+00
            0.37500000000000D+00  0.00000000000000D+00  0.25000000000000D+00
            0.50000000000000D+00  0.00000000000000D+00  0.37500000000000D+00
           -0.37500000000000D+00  0.00000000000000D+00  0.50000000000000D+00
           -0.25000000000000D+00  0.00000000000000D+00 -0.37500000000000D+00
           -0.12500000000000D+00  0.00000000000000D+00 -0.25000000000000D+00
            0.00000000000000D+00  0.25000000000000D+00  0.12500000000000D+00
            0.00000000000000D+00  0.37500000000000D+00  0.25000000000000D+00
            0.00000000000000D+00  0.50000000000000D+00  0.37500000000000D+00
            0.00000000000000D+00 -0.37500000000000D+00  0.50000000000000D+00
            0.00000000000000D+00 -0.25000000000000D+00 -0.37500000000000D+00
            0.00000000000000D+00 -0.12500000000000D+00 -0.25000000000000D+00
            0.00000000000000D+00  0.00000000000000D+00  0.12500000000000D+00
            0.00000000000000D+00  0.00000000000000D+00  0.37500000000000D+00
    kptnrm  0.10000000000000D+01
     ngfft        10   10   10
    nspden         1
   nspinor         1
       occ  0.20000000000000D+01  0.20000000000000D+01  0.20000000000000D+01
            0.20000000000000D+01
     rprim  0.00000000000000D+00  0.53050000000000D+01  0.53050000000000D+01
            0.53050000000000D+01  0.00000000000000D+00  0.53050000000000D+01
            0.53050000000000D+01  0.53050000000000D+01  0.00000000000000D+00
  dfpt_sciss  0.00000000000000D+00
    spinat  0.00000000000000D+00  0.00000000000000D+00  0.00000000000000D+00
            0.00000000000000D+00  0.00000000000000D+00  0.00000000000000D+00
    symafm         1    1    1    1    1    1    1    1    1    1    1    1
                   1    1    1    1    1    1    1    1    1    1    1    1
    symrel         1    0    0    0    1    0    0    0    1
                   0   -1    1    0   -1    0    1   -1    0
                  -1    0    0   -1    0    1   -1    1    0
                   0    1   -1    1    0   -1    0    0   -1
                  -1    0    0   -1    1    0   -1    0    1
                   0   -1    1    1   -1    0    0   -1    0
                   1    0    0    0    0    1    0    1    0
                   0    1   -1    0    0   -1    1    0   -1
                  -1    0    1   -1    1    0   -1    0    0
                   0   -1    0    1   -1    0    0   -1    1
                   1    0   -1    0    0   -1    0    1   -1
                   0    1    0    0    0    1    1    0    0
                   1    0   -1    0    1   -1    0    0   -1
                   0   -1    0    0   -1    1    1   -1    0
                  -1    0    1   -1    0    0   -1    1    0
                   0    1    0    1    0    0    0    0    1
                   0    0   -1    0    1   -1    1    0   -1
                   1   -1    0    0   -1    1    0   -1    0
                   0    0    1    1    0    0    0    1    0
                  -1    1    0   -1    0    0   -1    0    1
                   0    0    1    0    1    0    1    0    0
                   1   -1    0    0   -1    0    0   -1    1
                   0    0   -1    1    0   -1    0    1   -1
                  -1    1    0   -1    0    1   -1    0    0
     tnons  0.00000000000000D+00  0.00000000000000D+00  0.00000000000000D+00
            0.00000000000000D+00  0.00000000000000D+00  0.00000000000000D+00
            0.00000000000000D+00  0.00000000000000D+00  0.00000000000000D+00
            0.00000000000000D+00  0.00000000000000D+00  0.00000000000000D+00
            0.00000000000000D+00  0.00000000000000D+00  0.00000000000000D+00
            0.00000000000000D+00  0.00000000000000D+00  0.00000000000000D+00
            0.00000000000000D+00  0.00000000000000D+00  0.00000000000000D+00
            0.00000000000000D+00  0.00000000000000D+00  0.00000000000000D+00
            0.00000000000000D+00  0.00000000000000D+00  0.00000000000000D+00
            0.00000000000000D+00  0.00000000000000D+00  0.00000000000000D+00
            0.00000000000000D+00  0.00000000000000D+00  0.00000000000000D+00
            0.00000000000000D+00  0.00000000000000D+00  0.00000000000000D+00
            0.00000000000000D+00  0.00000000000000D+00  0.00000000000000D+00
            0.00000000000000D+00  0.00000000000000D+00  0.00000000000000D+00
            0.00000000000000D+00  0.00000000000000D+00  0.00000000000000D+00
            0.00000000000000D+00  0.00000000000000D+00  0.00000000000000D+00
            0.00000000000000D+00  0.00000000000000D+00  0.00000000000000D+00
            0.00000000000000D+00  0.00000000000000D+00  0.00000000000000D+00
            0.00000000000000D+00  0.00000000000000D+00  0.00000000000000D+00
            0.00000000000000D+00  0.00000000000000D+00  0.00000000000000D+00
            0.00000000000000D+00  0.00000000000000D+00  0.00000000000000D+00
            0.00000000000000D+00  0.00000000000000D+00  0.00000000000000D+00
            0.00000000000000D+00  0.00000000000000D+00  0.00000000000000D+00
            0.00000000000000D+00  0.00000000000000D+00  0.00000000000000D+00
    tolwfr  0.10000000000000D+01
   tphysel  0.00000000000000D+00
    tsmear  0.10000000000000D-01
     typat         1    2
       wtk  0.78125000000000D-02  0.78125000000000D-02  0.78125000000000D-02
            0.78125000000000D-02  0.78125000000000D-02  0.78125000000000D-02
            0.78125000000000D-02  0.78125000000000D-02  0.78125000000000D-02
            0.78125000000000D-02  0.78125000000000D-02  0.78125000000000D-02
            0.78125000000000D-02  0.78125000000000D-02  0.78125000000000D-02
            0.78125000000000D-02  0.78125000000000D-02  0.78125000000000D-02
            0.78125000000000D-02  0.78125000000000D-02  0.78125000000000D-02
            0.78125000000000D-02  0.78125000000000D-02  0.78125000000000D-02
            0.78125000000000D-02  0.78125000000000D-02  0.78125000000000D-02
            0.78125000000000D-02  0.78125000000000D-02  0.78125000000000D-02
            0.78125000000000D-02  0.78125000000000D-02  0.78125000000000D-02
            0.78125000000000D-02  0.78125000000000D-02  0.78125000000000D-02
            0.78125000000000D-02  0.78125000000000D-02  0.78125000000000D-02
            0.78125000000000D-02  0.78125000000000D-02  0.78125000000000D-02
            0.78125000000000D-02  0.78125000000000D-02  0.78125000000000D-02
            0.78125000000000D-02  0.78125000000000D-02  0.78125000000000D-02
            0.78125000000000D-02  0.78125000000000D-02  0.78125000000000D-02
            0.78125000000000D-02  0.78125000000000D-02  0.78125000000000D-02
            0.78125000000000D-02  0.78125000000000D-02  0.78125000000000D-02
            0.78125000000000D-02  0.78125000000000D-02  0.78125000000000D-02
            0.78125000000000D-02  0.78125000000000D-02  0.78125000000000D-02
            0.78125000000000D-02  0.78125000000000D-02  0.78125000000000D-02
            0.78125000000000D-02  0.78125000000000D-02  0.78125000000000D-02
            0.78125000000000D-02  0.78125000000000D-02  0.78125000000000D-02
            0.78125000000000D-02  0.78125000000000D-02  0.78125000000000D-02
            0.78125000000000D-02  0.78125000000000D-02  0.78125000000000D-02
            0.78125000000000D-02  0.78125000000000D-02  0.78125000000000D-02
            0.78125000000000D-02  0.78125000000000D-02  0.78125000000000D-02
            0.78125000000000D-02  0.78125000000000D-02  0.78125000000000D-02
            0.78125000000000D-02  0.78125000000000D-02  0.78125000000000D-02
            0.78125000000000D-02  0.78125000000000D-02  0.78125000000000D-02
            0.78125000000000D-02  0.78125000000000D-02  0.78125000000000D-02
            0.78125000000000D-02  0.78125000000000D-02  0.78125000000000D-02
            0.78125000000000D-02  0.78125000000000D-02  0.78125000000000D-02
            0.78125000000000D-02  0.78125000000000D-02  0.78125000000000D-02
            0.78125000000000D-02  0.78125000000000D-02  0.78125000000000D-02
            0.78125000000000D-02  0.78125000000000D-02  0.78125000000000D-02
            0.78125000000000D-02  0.78125000000000D-02  0.78125000000000D-02
            0.78125000000000D-02  0.78125000000000D-02  0.78125000000000D-02
            0.78125000000000D-02  0.78125000000000D-02  0.78125000000000D-02
            0.78125000000000D-02  0.78125000000000D-02  0.78125000000000D-02
            0.78125000000000D-02  0.78125000000000D-02  0.78125000000000D-02
            0.78125000000000D-02  0.78125000000000D-02
      xred  0.00000000000000D+00  0.00000000000000D+00  0.00000000000000D+00
            0.25000000000000D+00  0.25000000000000D+00  0.25000000000000D+00
     znucl  0.13000000000000D+02  0.33000000000000D+02
      zion  0.30000000000000D+01  0.50000000000000D+01

  Description of the potentials (KB energies)
  vrsio8 (for pseudopotentials)=100401
  usepaw =  0
  dimekb =  3       lmnmax=  9
  Atom type=    1   pspso=  0   nekb=   2
  iln lpsang iproj  ekb(:)
     1     0     1     1.7687444E+00  0.0000000E+00
     2     1     1     0.0000000E+00  9.0055415E-01
  Atom type=    2   pspso=  0   nekb=   1
  iln lpsang iproj  ekb(:)
     1     0     1     8.3875106E-01

 **** Database of total energy derivatives ****
 Number of data blocks=    2

 2nd derivatives (non-stat.)  - # elements :          81
 qpt  0.00000000E+00  0.00000000E+00  0.00000000E+00   1.0
   1   1   1   1  0.60221166131160D+01  0.00000000000000D+00
   2   1   1   1  0.30110583065580D+01  0.00000000000000D+00
   3   1   1   1  0.30110583065580D+01  0.00000000000000D+00
   1   2   1   1 -0.60220227684284D+01  0.75391332472473D-18
   2   2   1   1 -0.30110113842142D+01 -0.22528765098145D-17
   3   2   1   1 -0.30110113842142D+01 -0.32602688781147D-17
   1   4   1   1 -0.56907685820233D+01  0.00000000000000D+00
   2   4   1   1  0.13457867501900D-16  0.00000000000000D+00
   3   4   1   1 -0.67289337509502D-17  0.00000000000000D+00
   1   1   2   1  0.30110583065580D+01  0.00000000000000D+00
   2   1   2   1  0.60221166131160D+01  0.00000000000000D+00
   3   1   2   1  0.30110583065580D+01  0.00000000000000D+00
   1   2   2   1 -0.30110113842142D+01 -0.22528765098145D-17
   2   2   2   1 -0.60220227684284D+01  0.29117806071133D-17
   3   2   2   1 -0.30110113842142D+01 -0.21815201249816D-17
   1   4   2   1  0.00000000000000D+00  0.00000000000000D+00
   2   4   2   1 -0.56907685820233D+01  0.00000000000000D+00
   3   4   2   1 -0.16507755522470D-17  0.00000000000000D+00
   1   1   3   1  0.30110583065580D+01  0.00000000000000D+00
   2   1   3   1  0.30110583065580D+01  0.00000000000000D+00
   3   1   3   1  0.60221166131160D+01  0.00000000000000D+00
   1   2   3   1 -0.30110113842142D+01 -0.32602688781147D-17
   2   2   3   1 -0.30110113842142D+01 -0.21815201249816D-17
   3   2   3   1 -0.60220227684284D+01 -0.72573066644166D-17
   1   4   3   1  0.37007434154172D-16  0.00000000000000D+00
   2   4   3   1 -0.26851117756766D-16  0.00000000000000D+00
   3   4   3   1 -0.56907685820233D+01  0.00000000000000D+00
   1   1   1   2 -0.60220227670930D+01 -0.75391332472473D-18
   2   1   1   2 -0.30110113835465D+01  0.22528765098145D-17
   3   1   1   2 -0.30110113835465D+01  0.32602688781147D-17
   1   2   1   2  0.60224911140819D+01  0.00000000000000D+00
   2   2   1   2  0.30112455570409D+01  0.00000000000000D+00
   3   2   1   2  0.30112455570409D+01  0.00000000000000D+00
   1   4   1   2 -0.43370528498824D+02  0.00000000000000D+00
   2   4   1   2 -0.12735071814976D-15  0.00000000000000D+00
   3   4   1   2  0.21170509569372D-15  0.00000000000000D+00
   1   1   2   2 -0.30110113835465D+01  0.22528765098145D-17
   2   1   2   2 -0.60220227670930D+01 -0.29117806071133D-17
   3   1   2   2 -0.30110113835465D+01  0.21815201249816D-17
   1   2   2   2  0.30112455570409D+01  0.00000000000000D+00
   2   2   2   2  0.60224911140819D+01  0.00000000000000D+00
   3   2   2   2  0.30112455570409D+01  0.00000000000000D+00
   1   4   2   2  0.00000000000000D+00  0.00000000000000D+00
   2   4   2   2 -0.43370528498824D+02  0.00000000000000D+00
   3   4   2   2  0.13122453700136D-15  0.00000000000000D+00
   1   1   3   2 -0.30110113835465D+01  0.32602688781147D-17
   2   1   3   2 -0.30110113835465D+01  0.21815201249816D-17
   3   1   3   2 -0.60220227670930D+01  0.72573066644166D-17
   1   2   3   2  0.30112455570410D+01  0.00000000000000D+00
   2   2   3   2  0.30112455570410D+01  0.00000000000000D+00
   3   2   3   2  0.60224911140819D+01  0.00000000000000D+00
   1   4   3   2 -0.29605947323338D-15  0.00000000000000D+00
   2   4   3   2  0.13509835584865D-15  0.00000000000000D+00
   3   4   3   2 -0.43370528498824D+02  0.00000000000000D+00
   1   1   1   4 -0.56907685820233D+01  0.00000000000000D+00
   2   1   1   4  0.00000000000000D+00  0.00000000000000D+00
   3   1   1   4  0.00000000000000D+00  0.00000000000000D+00
   1   2   1   4 -0.43370528498824D+02  0.00000000000000D+00
   2   2   1   4  0.00000000000000D+00  0.00000000000000D+00
   3   2   1   4  0.00000000000000D+00  0.00000000000000D+00
   1   4   1   4 -0.20670436470299D+03  0.00000000000000D+00
   2   4   1   4  0.68901454900998D+02  0.00000000000000D+00
   3   4   1   4  0.68901454900998D+02  0.00000000000000D+00
   1   1   2   4  0.20186801252851D-16  0.00000000000000D+00
   2   1   2   4 -0.56907685820233D+01  0.00000000000000D+00
   3   1   2   4 -0.26851117756766D-16  0.00000000000000D+00
   1   2   2   4 -0.42996340618721D-16  0.00000000000000D+00
   2   2   2   4 -0.43370528498824D+02  0.00000000000000D+00
   3   2   2   4  0.13509835584865D-15  0.00000000000000D+00
   1   4   2   4  0.68901454900998D+02  0.00000000000000D+00
   2   4   2   4 -0.20670436470299D+03  0.00000000000000D+00
   3   4   2   4  0.68901454900998D+02  0.00000000000000D+00
   1   1   3   4 -0.83797093031972D-17  0.00000000000000D+00
   2   1   3   4  0.34273826464562D-17  0.00000000000000D+00
   3   1   3   4 -0.56907685820233D+01  0.00000000000000D+00
   1   2   3   4  0.46870159461704D-16  0.00000000000000D+00
   2   2   3   4 -0.24531549492869D-15  0.00000000000000D+00
   3   2   3   4 -0.43370528498824D+02  0.00000000000000D+00
   1   4   3   4  0.68901454900998D+02  0.00000000000000D+00
   2   4   3   4  0.68901454900998D+02  0.00000000000000D+00
   3   4   3   4 -0.20670436470299D+03  0.00000000000000D+00

 3rd derivatives (long wave)  - # elements :         108
 qpt  0.00000000E+00  0.00000000E+00  0.00000000E+00   1.0
      0.00000000E+00  0.00000000E+00  0.00000000E+00   1.0
      0.00000000E+00  0.00000000E+00  0.00000000E+00   1.0
     1     4     1     1     1    10  0.00000000000000D+00 -0.51073598110591D+02
     2     4     1     1     1    10  0.00000000000000D+00  0.25536798963555D+02
     3     4     1     1     1    10  0.00000000000000D+00  0.25536798963555D+02
     1     4     2     1     1    10  0.00000000000000D+00  0.00000000000000D+00
     2     4     2     1     1    10  0.00000000000000D+00  0.25536798982591D+02
     3     4     2     1     1    10  0.00000000000000D+00  0.00000000000000D+00
     1     4     3     1     1    10  0.00000000000000D+00  0.00000000000000D+00
     2     4     3     1     1    10  0.00000000000000D+00  0.00000000000000D+00
     3     4     3     1     1    10  0.00000000000000D+00  0.25536799045778D+02
     1     4     1     2     1    10  0.00000000000000D+00  0.26358363449729D+02
     2     4     1     2     1    10  0.00000000000000D+00 -0.13179181990858D+02
     3     4     1     2     1    10  0.00000000000000D+00 -0.13179181990858D+02
     1     4     2     2     1    10  0.00000000000000D+00  0.00000000000000D+00
     2     4     2     2     1    10  0.00000000000000D+00 -0.13179181799630D+02
     3     4     2     2     1    10  0.00000000000000D+00  0.00000000000000D+00
     1     4     3     2     1    10  0.00000000000000D+00  0.00000000000000D+00
     2     4     3     2     1    10  0.00000000000000D+00  0.00000000000000D+00
     3     4     3     2     1    10  0.00000000000000D+00 -0.13179181820478D+02
     1     1     1     4     1    10  0.00000000000000D+00  0.51073598110591D+02
     2     1     1     4     1    10  0.00000000000000D+00 -0.00000000000000D+00
     3     1     1     4     1    10  0.00000000000000D+00 -0.00000000000000D+00
     1     2     1     4     1    10  0.00000000000000D+00 -0.26358363449729D+02
     2     2     1     4     1    10  0.00000000000000D+00 -0.00000000000000D+00
     3     2     1     4     1    10  0.00000000000000D+00 -0.00000000000000D+00
     1     1     2     4     1    10  0.00000000000000D+00 -0.25536798963555D+02
     2     1     2     4     1    10  0.00000000000000D+00 -0.25536798982591D+02
     3     1     2     4     1    10  0.00000000000000D+00 -0.00000000000000D+00
     1     2     2     4     1    10  0.00000000000000D+00  0.13179181990858D+02
     2     2     2     4     1    10  0.00000000000000D+00  0.13179181799630D+02
     3     2     2     4     1    10  0.00000000000000D+00 -0.00000000000000D+00
     1     1     3     4     1    10  0.00000000000000D+00 -0.25536798963555D+02
     2     1     3     4     1    10  0.00000000000000D+00 -0.00000000000000D+00
     3     1     3     4     1    10  0.00000000000000D+00 -0.25536799045778D+02
     1     2     3     4     1    10  0.00000000000000D+00  0.13179181990858D+02
     2     2     3     4     1    10  0.00000000000000D+00 -0.00000000000000D+00
     3     2     3     4     1    10  0.00000000000000D+00  0.13179181820478D+02
     1     4     1     1     2    10  0.00000000000000D+00  0.25536799045778D+02
     2     4     1     1     2    10  0.00000000000000D+00  0.00000000000000D+00
     3     4     1     1     2    10  0.00000000000000D+00  0.00000000000000D+00
     1     4     2     1     2    10  0.00000000000000D+00  0.25536798963555D+02
     2     4     2     1     2    10  0.00000000000000D+00 -0.51073598110591D+02
     3     4     2     1     2    10  0.00000000000000D+00  0.25536798963555D+02
     1     4     3     1     2    10  0.00000000000000D+00  0.00000000000000D+00
     2     4     3     1     2    10  0.00000000000000D+00  0.00000000000000D+00
     3     4     3     1     2    10  0.00000000000000D+00  0.25536798982591D+02
     1     4     1     2     2    10  0.00000000000000D+00 -0.13179181820478D+02
     2     4     1     2     2    10  0.00000000000000D+00  0.00000000000000D+00
     3     4     1     2     2    10  0.00000000000000D+00  0.00000000000000D+00
     1     4     2     2     2    10  0.00000000000000D+00 -0.13179181990858D+02
     2     4     2     2     2    10  0.00000000000000D+00  0.26358363449729D+02
     3     4     2     2     2    10  0.00000000000000D+00 -0.13179181990858D+02
     1     4     3     2     2    10  0.00000000000000D+00  0.00000000000000D+00
     2     4     3     2     2    10  0.00000000000000D+00  0.00000000000000D+00
     3     4     3     2     2    10  0.00000000000000D+00 -0.13179181799630D+02
     1     1     1     4     2    10  0.00000000000000D+00 -0.25536799045778D+02
     2     1     1     4     2    10  0.00000000000000D+00 -0.25536798963555D+02
     3     1     1     4     2    10  0.00000000000000D+00 -0.00000000000000D+00
     1     2     1     4     2    10  0.00000000000000D+00  0.13179181820478D+02
     2     2     1     4     2    10  0.00000000000000D+00  0.13179181990858D+02
     3     2     1     4     2    10  0.00000000000000D+00 -0.00000000000000D+00
     1     1     2     4     2    10  0.00000000000000D+00 -0.00000000000000D+00
     2     1     2     4     2    10  0.00000000000000D+00  0.51073598110591D+02
     3     1     2     4     2    10  0.00000000000000D+00 -0.00000000000000D+00
     1     2     2     4     2    10  0.00000000000000D+00 -0.00000000000000D+00
     2     2     2     4     2    10  0.00000000000000D+00 -0.26358363449729D+02
     3     2     2     4     2    10  0.00000000000000D+00 -0.00000000000000D+00
     1     1     3     4     2    10  0.00000000000000D+00 -0.00000000000000D+00
     2     1     3     4     2    10  0.00000000000000D+00 -0.25536798963555D+02
     3     1     3     4     2    10  0.00000000000000D+00 -0.25536798982591D+02
     1     2     3     4     2    10  0.00000000000000D+00 -0.00000000000000D+00
     2     2     3     4     2    10  0.00000000000000D+00  0.13179181990858D+02
     3     2     3     4     2    10  0.00000000000000D+00  0.13179181799630D+02
     1     4     1     1     3    10  0.00000000000000D+00  0.25536799045778D+02
     2     4     1     1     3    10  0.00000000000000D+00  0.00000000000000D+00
     3     4     1     1     3    10  0.00000000000000D+00  0.00000000000000D+00
     1     4     2     1     3    10  0.00000000000000D+00  0.00000000000000D+00
     2     4     2     1     3    10  0.00000000000000D+00  0.25536799045778D+02
     3     4     2     1     3    10  0.00000000000000D+00  0.00000000000000D+00
     1     4     3     1     3    10  0.00000000000000D+00  0.25536798963555D+02
     2     4     3     1     3    10  0.00000000000000D+00  0.25536798963555D+02
     3     4     3     1     3    10  0.00000000000000D+00 -0.51073598110591D+02
     1     4     1     2     3    10  0.00000000000000D+00 -0.13179181820478D+02
     2     4     1     2     3    10  0.00000000000000D+00  0.00000000000000D+00
     3     4     1     2     3    10  0.00000000000000D+00  0.00000000000000D+00
     1     4     2     2     3    10  0.00000000000000D+00  0.00000000000000D+00
     2     4     2     2     3    10  0.00000000000000D+00 -0.13179181820478D+02
     3     4     2     2     3    10  0.00000000000000D+00  0.00000000000000D+00
     1     4     3     2     3    10  0.00000000000000D+00 -0.13179181990858D+02
     2     4     3     2     3    10  0.00000000000000D+00 -0.13179181990858D+02
     3     4     3     2     3    10  0.00000000000000D+00  0.26358363449729D+02
     1     1     1     4     3    10  0.00000000000000D+00 -0.25536799045778D+02
     2     1     1     4     3    10  0.00000000000000D+00 -0.00000000000000D+00
     3     1     1     4     3    10  0.00000000000000D+00 -0.25536798963555D+02
     1     2     1     4     3    10  0.00000000000000D+00  0.13179181820478D+02
     2     2     1     4     3    10  0.00000000000000D+00 -0.00000000000000D+00
     3     2     1     4     3    10  0.00000000000000D+00  0.13179181990858D+02
     1     1     2     4     3    10  0.00000000000000D+00 -0.00000000000000D+00
     2     1     2     4     3    10  0.00000000000000D+00 -0.25536799045778D+02
     3     1     2     4     3    10  0.00000000000000D+00 -0.25536798963555D+02
     1     2     2     4     3    10  0.00000000000000D+00 -0.00000000000000D+00
     2     2     2     4     3    10  0.00000000000000D+00  0.13179181820478D+02
     3     2     2     4     3    10  0.00000000000000D+00  0.13179181990858D+02
     1     1     3     4     3    10  0.00000000000000D+00 -0.00000000000000D+00
     2     1     3     4     3    10  0.00000000000000D+00 -0.00000000000000D+00
     3     1     3     4     3    10  0.00000000000000D+00  0.51073598110591D+02
     1     2     3     4     3    10  0.00000000000000D+00 -0.00000000000000D+00
     2     2     3     4     3    10  0.00000000000000D+00 -0.00000000000000D+00
     3     2     3     4     3    10  0.00000000000000D+00 -0.26358363449729D+02
