
 **** DERIVATIVE DATABASE ****    
+DDB, Version number    100401

 DDB file merged by BecWork on Thu Aug 16 21:46:02 2018

    usepaw         0
     natom         2
      nkpt        16
    nsppol         1
      nsym        24
    ntypat         2
    occopt         1
     nband         4
     acell  0.10000000000000D+01  0.10000000000000D+01  0.10000000000000D+01
       amu  0.26981539000000D+02  0.74921590000000D+02
   dilatmx  0.10000000000000D+01
      ecut  0.20000000000000D+01
    ecutsm  0.00000000000000D+00
     intxc         0
      iscf         7
       ixc         1
       kpt -0.25000000000000D+00  0.50000000000000D+00  0.00000000000000D+00
            0.50000000000000D+00 -0.25000000000000D+00  0.00000000000000D+00
           -0.25000000000000D+00 -0.25000000000000D+00  0.25000000000000D+00
           -0.25000000000000D+00  0.00000000000000D+00  0.00000000000000D+00
           -0.25000000000000D+00  0.25000000000000D+00  0.25000000000000D+00
            0.50000000000000D+00  0.50000000000000D+00  0.25000000000000D+00
           -0.25000000000000D+00  0.50000000000000D+00  0.50000000000000D+00
            0.00000000000000D+00 -0.25000000000000D+00  0.00000000000000D+00
            0.25000000000000D+00 -0.25000000000000D+00  0.25000000000000D+00
            0.50000000000000D+00 -0.25000000000000D+00  0.50000000000000D+00
           -0.25000000000000D+00 -0.25000000000000D+00 -0.25000000000000D+00
            0.50000000000000D+00  0.00000000000000D+00  0.25000000000000D+00
           -0.25000000000000D+00  0.00000000000000D+00  0.50000000000000D+00
            0.00000000000000D+00  0.50000000000000D+00  0.25000000000000D+00
            0.00000000000000D+00 -0.25000000000000D+00  0.50000000000000D+00
            0.00000000000000D+00  0.00000000000000D+00  0.25000000000000D+00
    kptnrm  0.10000000000000D+01
     ngfft        10   10   10
    nspden         1
   nspinor         1
       occ  0.20000000000000D+01  0.20000000000000D+01  0.20000000000000D+01
            0.20000000000000D+01
     rprim  0.00000000000000D+00  0.53050000000000D+01  0.53050000000000D+01
            0.53050000000000D+01  0.00000000000000D+00  0.53050000000000D+01
            0.53050000000000D+01  0.53050000000000D+01  0.00000000000000D+00
  dfpt_sciss  0.00000000000000D+00
    spinat  0.00000000000000D+00  0.00000000000000D+00  0.00000000000000D+00
            0.00000000000000D+00  0.00000000000000D+00  0.00000000000000D+00
    symafm         1    1    1    1    1    1    1    1    1    1    1    1
                   1    1    1    1    1    1    1    1    1    1    1    1
    symrel         1    0    0    0    1    0    0    0    1
                   0   -1    1    0   -1    0    1   -1    0
                  -1    0    0   -1    0    1   -1    1    0
                   0    1   -1    1    0   -1    0    0   -1
                  -1    0    0   -1    1    0   -1    0    1
                   0   -1    1    1   -1    0    0   -1    0
                   1    0    0    0    0    1    0    1    0
                   0    1   -1    0    0   -1    1    0   -1
                  -1    0    1   -1    1    0   -1    0    0
                   0   -1    0    1   -1    0    0   -1    1
                   1    0   -1    0    0   -1    0    1   -1
                   0    1    0    0    0    1    1    0    0
                   1    0   -1    0    1   -1    0    0   -1
                   0   -1    0    0   -1    1    1   -1    0
                  -1    0    1   -1    0    0   -1    1    0
                   0    1    0    1    0    0    0    0    1
                   0    0   -1    0    1   -1    1    0   -1
                   1   -1    0    0   -1    1    0   -1    0
                   0    0    1    1    0    0    0    1    0
                  -1    1    0   -1    0    0   -1    0    1
                   0    0    1    0    1    0    1    0    0
                   1   -1    0    0   -1    0    0   -1    1
                   0    0   -1    1    0   -1    0    1   -1
                  -1    1    0   -1    0    1   -1    0    0
     tnons  0.00000000000000D+00  0.00000000000000D+00  0.00000000000000D+00
            0.00000000000000D+00  0.00000000000000D+00  0.00000000000000D+00
            0.00000000000000D+00  0.00000000000000D+00  0.00000000000000D+00
            0.00000000000000D+00  0.00000000000000D+00  0.00000000000000D+00
            0.00000000000000D+00  0.00000000000000D+00  0.00000000000000D+00
            0.00000000000000D+00  0.00000000000000D+00  0.00000000000000D+00
            0.00000000000000D+00  0.00000000000000D+00  0.00000000000000D+00
            0.00000000000000D+00  0.00000000000000D+00  0.00000000000000D+00
            0.00000000000000D+00  0.00000000000000D+00  0.00000000000000D+00
            0.00000000000000D+00  0.00000000000000D+00  0.00000000000000D+00
            0.00000000000000D+00  0.00000000000000D+00  0.00000000000000D+00
            0.00000000000000D+00  0.00000000000000D+00  0.00000000000000D+00
            0.00000000000000D+00  0.00000000000000D+00  0.00000000000000D+00
            0.00000000000000D+00  0.00000000000000D+00  0.00000000000000D+00
            0.00000000000000D+00  0.00000000000000D+00  0.00000000000000D+00
            0.00000000000000D+00  0.00000000000000D+00  0.00000000000000D+00
            0.00000000000000D+00  0.00000000000000D+00  0.00000000000000D+00
            0.00000000000000D+00  0.00000000000000D+00  0.00000000000000D+00
            0.00000000000000D+00  0.00000000000000D+00  0.00000000000000D+00
            0.00000000000000D+00  0.00000000000000D+00  0.00000000000000D+00
            0.00000000000000D+00  0.00000000000000D+00  0.00000000000000D+00
            0.00000000000000D+00  0.00000000000000D+00  0.00000000000000D+00
            0.00000000000000D+00  0.00000000000000D+00  0.00000000000000D+00
            0.00000000000000D+00  0.00000000000000D+00  0.00000000000000D+00
    tolwfr  0.10000000000000D+01
   tphysel  0.00000000000000D+00
    tsmear  0.10000000000000D-01
     typat         1    2
       wtk  0.62500000000000D-01  0.62500000000000D-01  0.62500000000000D-01
            0.62500000000000D-01  0.62500000000000D-01  0.62500000000000D-01
            0.62500000000000D-01  0.62500000000000D-01  0.62500000000000D-01
            0.62500000000000D-01  0.62500000000000D-01  0.62500000000000D-01
            0.62500000000000D-01  0.62500000000000D-01  0.62500000000000D-01
            0.62500000000000D-01
      xred  0.00000000000000D+00  0.00000000000000D+00  0.00000000000000D+00
            0.25000000000000D+00  0.25000000000000D+00  0.25000000000000D+00
     znucl  0.13000000000000D+02  0.33000000000000D+02
      zion  0.30000000000000D+01  0.50000000000000D+01
 
  Description of the potentials (KB energies)
  vrsio8 (for pseudopotentials)=100401
  usepaw =  0
  dimekb =  3       lmnmax=  3
  Atom type=    1   pspso=  0   nekb=   2
  iln lpsang iproj  ekb(:)
     1     0     1     1.7687444E+00  0.0000000E+00
     2     1     1     0.0000000E+00  9.0055415E-01
  Atom type=    2   pspso=  0   nekb=   1
  iln lpsang iproj  ekb(:)
     1     0     1     8.3875106E-01
 
 **** Database of total energy derivatives ****
 Number of data blocks=    1
  
 2nd derivatives (non-stat.)  - # elements :      81
 qpt  0.00000000E+00  0.00000000E+00  0.00000000E+00   1.0
   1   1   1   1  0.59014589931585D+01  0.00000000000000D+00
   2   1   1   1  0.29507294965793D+01  0.00000000000000D+00
   3   1   1   1  0.29507294965793D+01  0.00000000000000D+00
   1   2   1   1 -0.59013712383985D+01  0.73319348786105D-18
   2   2   1   1 -0.29506856191992D+01 -0.22662441376834D-17
   3   2   1   1 -0.29506856191992D+01 -0.32760426504849D-17
   1   4   1   1 -0.74153821923041D+01  0.00000000000000D+00
   2   4   1   1  0.19073074040239D-16  0.00000000000000D+00
   3   4   1   1  0.45974614211138D-16  0.00000000000000D+00
   1   1   2   1  0.29507294965793D+01  0.00000000000000D+00
   2   1   2   1  0.59014589931585D+01  0.00000000000000D+00
   3   1   2   1  0.29507294965793D+01  0.00000000000000D+00
   1   2   2   1 -0.29506856191992D+01 -0.22662441376834D-17
   2   2   2   1 -0.59013712383985D+01  0.28893229871495D-17
   3   2   2   1 -0.29506856191992D+01 -0.21964918338888D-17
   1   4   2   1  0.37007434154172D-16  0.00000000000000D+00
   2   4   2   1 -0.74153821923041D+01  0.00000000000000D+00
   3   4   2   1 -0.61836574629944D-17  0.00000000000000D+00
   1   1   3   1  0.29507294965793D+01  0.00000000000000D+00
   2   1   3   1  0.29507294965793D+01  0.00000000000000D+00
   3   1   3   1  0.59014589931585D+01  0.00000000000000D+00
   1   2   3   1 -0.29506856191992D+01 -0.32760426504849D-17
   2   2   3   1 -0.29506856191992D+01 -0.21964918338888D-17
   3   2   3   1 -0.59013712383985D+01 -0.72872500684629D-17
   1   4   3   1 -0.37007434154172D-16  0.00000000000000D+00
   2   4   3   1  0.67057591142503D-17  0.00000000000000D+00
   3   4   3   1 -0.74153821923041D+01  0.00000000000000D+00
   1   1   1   2 -0.59013712383985D+01 -0.73319348786105D-18
   2   1   1   2 -0.29506856191992D+01  0.22662441376834D-17
   3   1   1   2 -0.29506856191992D+01  0.32760426504849D-17
   1   2   1   2  0.59018029371884D+01  0.00000000000000D+00
   2   2   1   2  0.29509014685942D+01  0.00000000000000D+00
   3   2   1   2  0.29509014685942D+01  0.00000000000000D+00
   1   4   1   2 -0.50065530001673D+02  0.00000000000000D+00
   2   4   1   2  0.32481982569053D-15  0.00000000000000D+00
   3   4   1   2  0.10876551607491D-15  0.00000000000000D+00
   1   1   2   2 -0.29506856191992D+01  0.22662441376834D-17
   2   1   2   2 -0.59013712383985D+01 -0.28893229871495D-17
   3   1   2   2 -0.29506856191992D+01  0.21964918338888D-17
   1   2   2   2  0.29509014685942D+01  0.00000000000000D+00
   2   2   2   2  0.59018029371884D+01  0.00000000000000D+00
   3   2   2   2  0.29509014685942D+01  0.00000000000000D+00
   1   4   2   2 -0.29605947323338D-15  0.00000000000000D+00
   2   4   2   2 -0.50065530001673D+02  0.00000000000000D+00
   3   4   2   2  0.31230640392285D-15  0.00000000000000D+00
   1   1   3   2 -0.29506856191992D+01  0.32760426504849D-17
   2   1   3   2 -0.29506856191992D+01  0.21964918338888D-17
   3   1   3   2 -0.59013712383985D+01  0.72872500684629D-17
   1   2   3   2  0.29509014685942D+01  0.00000000000000D+00
   2   2   3   2  0.29509014685942D+01  0.00000000000000D+00
   3   2   3   2  0.59018029371884D+01  0.00000000000000D+00
   1   4   3   2  0.00000000000000D+00  0.00000000000000D+00
   2   4   3   2 -0.61254213836108D-16  0.00000000000000D+00
   3   4   3   2 -0.50065530001673D+02  0.00000000000000D+00
   1   1   1   4 -0.74153821923041D+01  0.00000000000000D+00
   2   1   1   4  0.00000000000000D+00  0.00000000000000D+00
   3   1   1   4 -0.37007434154172D-16  0.00000000000000D+00
   1   2   1   4 -0.50065529627667D+02  0.00000000000000D+00
   2   2   1   4  0.29605947323338D-15  0.00000000000000D+00
   3   2   1   4  0.00000000000000D+00  0.00000000000000D+00
   1   4   1   4 -0.31459226925975D+03  0.00000000000000D+00
   2   4   1   4  0.10486408975325D+03  0.00000000000000D+00
   3   4   1   4  0.10486408975325D+03  0.00000000000000D+00
   1   1   2   4  0.10105893983273D-16  0.00000000000000D+00
   2   1   2   4 -0.74153821923041D+01  0.00000000000000D+00
   3   1   2   4  0.67057591142503D-17  0.00000000000000D+00
   1   2   2   4 -0.12977325224417D-15  0.00000000000000D+00
   2   2   2   4 -0.50065529627667D+02  0.00000000000000D+00
   3   2   2   4 -0.61254213284654D-16  0.00000000000000D+00
   1   4   2   4  0.10486408975325D+03  0.00000000000000D+00
   2   4   2   4 -0.31459226925975D+03  0.00000000000000D+00
   3   4   2   4  0.10486408975325D+03  0.00000000000000D+00
   1   1   3   4  0.39790956748144D-16  0.00000000000000D+00
   2   1   3   4  0.15672939171217D-16  0.00000000000000D+00
   3   1   3   4 -0.74153821923041D+01  0.00000000000000D+00
   1   2   3   4  0.11352632155469D-15  0.00000000000000D+00
   2   2   3   4  0.15853360470132D-15  0.00000000000000D+00
   3   2   3   4 -0.50065529627667D+02  0.00000000000000D+00
   1   4   3   4  0.10486408975325D+03  0.00000000000000D+00
   2   4   3   4  0.10486408975325D+03  0.00000000000000D+00
   3   4   3   4 -0.31459226925975D+03  0.00000000000000D+00

 List of bloks and their characteristics 
  
 2nd derivatives (non-stat.)  - # elements :      81
 qpt  0.00000000E+00  0.00000000E+00  0.00000000E+00   1.0
