
 **** DERIVATIVE DATABASE ****    
+DDB, Version number  20230401

 DDB file merged by PhononWork on Tue Oct 31 10:24:30 2023

    usepaw         0
     natom         2
      nkpt        64
    nsppol         1
      nsym        48
    ntypat         2
    occopt         1
     nband         9
     acell  0.10000000000000D+01  0.10000000000000D+01  0.10000000000000D+01
       amu  0.40078000000000D+02  0.15999400000000D+02
   dilatmx  0.10000000000000D+01
      ecut  0.35000000000000D+02
    ecutsm  0.00000000000000D+00
     intxc         0
      iscf         7
       ixc        11
       kpt  0.12500000000000D+00  0.12500000000000D+00  0.12500000000000D+00
            0.37500000000000D+00  0.12500000000000D+00  0.12500000000000D+00
           -0.37500000000000D+00  0.12500000000000D+00  0.12500000000000D+00
           -0.12500000000000D+00  0.12500000000000D+00  0.12500000000000D+00
            0.12500000000000D+00  0.37500000000000D+00  0.12500000000000D+00
            0.37500000000000D+00  0.37500000000000D+00  0.12500000000000D+00
           -0.37500000000000D+00  0.37500000000000D+00  0.12500000000000D+00
           -0.12500000000000D+00  0.37500000000000D+00  0.12500000000000D+00
            0.12500000000000D+00 -0.37500000000000D+00  0.12500000000000D+00
            0.37500000000000D+00 -0.37500000000000D+00  0.12500000000000D+00
           -0.37500000000000D+00 -0.37500000000000D+00  0.12500000000000D+00
           -0.12500000000000D+00 -0.37500000000000D+00  0.12500000000000D+00
            0.12500000000000D+00 -0.12500000000000D+00  0.12500000000000D+00
            0.37500000000000D+00 -0.12500000000000D+00  0.12500000000000D+00
           -0.37500000000000D+00 -0.12500000000000D+00  0.12500000000000D+00
           -0.12500000000000D+00 -0.12500000000000D+00  0.12500000000000D+00
            0.12500000000000D+00  0.12500000000000D+00  0.37500000000000D+00
            0.37500000000000D+00  0.12500000000000D+00  0.37500000000000D+00
           -0.37500000000000D+00  0.12500000000000D+00  0.37500000000000D+00
           -0.12500000000000D+00  0.12500000000000D+00  0.37500000000000D+00
            0.12500000000000D+00  0.37500000000000D+00  0.37500000000000D+00
            0.37500000000000D+00  0.37500000000000D+00  0.37500000000000D+00
           -0.37500000000000D+00  0.37500000000000D+00  0.37500000000000D+00
           -0.12500000000000D+00  0.37500000000000D+00  0.37500000000000D+00
            0.12500000000000D+00 -0.37500000000000D+00  0.37500000000000D+00
            0.37500000000000D+00 -0.37500000000000D+00  0.37500000000000D+00
           -0.37500000000000D+00 -0.37500000000000D+00  0.37500000000000D+00
           -0.12500000000000D+00 -0.37500000000000D+00  0.37500000000000D+00
            0.12500000000000D+00 -0.12500000000000D+00  0.37500000000000D+00
            0.37500000000000D+00 -0.12500000000000D+00  0.37500000000000D+00
           -0.37500000000000D+00 -0.12500000000000D+00  0.37500000000000D+00
           -0.12500000000000D+00 -0.12500000000000D+00  0.37500000000000D+00
            0.12500000000000D+00  0.12500000000000D+00 -0.37500000000000D+00
            0.37500000000000D+00  0.12500000000000D+00 -0.37500000000000D+00
           -0.37500000000000D+00  0.12500000000000D+00 -0.37500000000000D+00
           -0.12500000000000D+00  0.12500000000000D+00 -0.37500000000000D+00
            0.12500000000000D+00  0.37500000000000D+00 -0.37500000000000D+00
            0.37500000000000D+00  0.37500000000000D+00 -0.37500000000000D+00
           -0.37500000000000D+00  0.37500000000000D+00 -0.37500000000000D+00
           -0.12500000000000D+00  0.37500000000000D+00 -0.37500000000000D+00
            0.12500000000000D+00 -0.37500000000000D+00 -0.37500000000000D+00
            0.37500000000000D+00 -0.37500000000000D+00 -0.37500000000000D+00
           -0.37500000000000D+00 -0.37500000000000D+00 -0.37500000000000D+00
           -0.12500000000000D+00 -0.37500000000000D+00 -0.37500000000000D+00
            0.12500000000000D+00 -0.12500000000000D+00 -0.37500000000000D+00
            0.37500000000000D+00 -0.12500000000000D+00 -0.37500000000000D+00
           -0.37500000000000D+00 -0.12500000000000D+00 -0.37500000000000D+00
           -0.12500000000000D+00 -0.12500000000000D+00 -0.37500000000000D+00
            0.12500000000000D+00  0.12500000000000D+00 -0.12500000000000D+00
            0.37500000000000D+00  0.12500000000000D+00 -0.12500000000000D+00
           -0.37500000000000D+00  0.12500000000000D+00 -0.12500000000000D+00
           -0.12500000000000D+00  0.12500000000000D+00 -0.12500000000000D+00
            0.12500000000000D+00  0.37500000000000D+00 -0.12500000000000D+00
            0.37500000000000D+00  0.37500000000000D+00 -0.12500000000000D+00
           -0.37500000000000D+00  0.37500000000000D+00 -0.12500000000000D+00
           -0.12500000000000D+00  0.37500000000000D+00 -0.12500000000000D+00
            0.12500000000000D+00 -0.37500000000000D+00 -0.12500000000000D+00
            0.37500000000000D+00 -0.37500000000000D+00 -0.12500000000000D+00
           -0.37500000000000D+00 -0.37500000000000D+00 -0.12500000000000D+00
           -0.12500000000000D+00 -0.37500000000000D+00 -0.12500000000000D+00
            0.12500000000000D+00 -0.12500000000000D+00 -0.12500000000000D+00
            0.37500000000000D+00 -0.12500000000000D+00 -0.12500000000000D+00
           -0.37500000000000D+00 -0.12500000000000D+00 -0.12500000000000D+00
           -0.12500000000000D+00 -0.12500000000000D+00 -0.12500000000000D+00
    kptnrm  0.10000000000000D+01
     ngfft        36   36   36
    nspden         1
   nspinor         1
       occ  0.20000000000000D+01  0.20000000000000D+01  0.20000000000000D+01
            0.20000000000000D+01  0.20000000000000D+01  0.20000000000000D+01
            0.20000000000000D+01  0.20000000000000D+01  0.00000000000000D+00
     rprim  0.55843540212000D+01  0.00000000000000D+00  0.32241282974000D+01
            0.18614513404000D+01  0.52649794626000D+01  0.32241282974000D+01
            0.00000000000000D+00  0.00000000000000D+00  0.64482565948000D+01
  dfpt_sciss  0.00000000000000D+00
    spinat  0.00000000000000D+00  0.00000000000000D+00  0.00000000000000D+00
            0.00000000000000D+00  0.00000000000000D+00  0.00000000000000D+00
    symafm         1    1    1    1    1    1    1    1    1    1    1    1
                   1    1    1    1    1    1    1    1    1    1    1    1
                   1    1    1    1    1    1    1    1    1    1    1    1
                   1    1    1    1    1    1    1    1    1    1    1    1
    symrel         1    0    0    0    1    0    0    0    1
                  -1    0    0    0   -1    0    0    0   -1
                   0   -1    1    0   -1    0    1   -1    0
                   0    1   -1    0    1    0   -1    1    0
                  -1    0    0   -1    0    1   -1    1    0
                   1    0    0    1    0   -1    1   -1    0
                   0    1   -1    1    0   -1    0    0   -1
                   0   -1    1   -1    0    1    0    0    1
                  -1    0    0   -1    1    0   -1    0    1
                   1    0    0    1   -1    0    1    0   -1
                   0   -1    1    1   -1    0    0   -1    0
                   0    1   -1   -1    1    0    0    1    0
                   1    0    0    0    0    1    0    1    0
                  -1    0    0    0    0   -1    0   -1    0
                   0    1   -1    0    0   -1    1    0   -1
                   0   -1    1    0    0    1   -1    0    1
                  -1    0    1   -1    1    0   -1    0    0
                   1    0   -1    1   -1    0    1    0    0
                   0   -1    0    1   -1    0    0   -1    1
                   0    1    0   -1    1    0    0    1   -1
                   1    0   -1    0    0   -1    0    1   -1
                  -1    0    1    0    0    1    0   -1    1
                   0    1    0    0    0    1    1    0    0
                   0   -1    0    0    0   -1   -1    0    0
                   1    0   -1    0    1   -1    0    0   -1
                  -1    0    1    0   -1    1    0    0    1
                   0   -1    0    0   -1    1    1   -1    0
                   0    1    0    0    1   -1   -1    1    0
                  -1    0    1   -1    0    0   -1    1    0
                   1    0   -1    1    0    0    1   -1    0
                   0    1    0    1    0    0    0    0    1
                   0   -1    0   -1    0    0    0    0   -1
                   0    0   -1    0    1   -1    1    0   -1
                   0    0    1    0   -1    1   -1    0    1
                   1   -1    0    0   -1    1    0   -1    0
                  -1    1    0    0    1   -1    0    1    0
                   0    0    1    1    0    0    0    1    0
                   0    0   -1   -1    0    0    0   -1    0
                  -1    1    0   -1    0    0   -1    0    1
                   1   -1    0    1    0    0    1    0   -1
                   0    0    1    0    1    0    1    0    0
                   0    0   -1    0   -1    0   -1    0    0
                   1   -1    0    0   -1    0    0   -1    1
                  -1    1    0    0    1    0    0    1   -1
                   0    0   -1    1    0   -1    0    1   -1
                   0    0    1   -1    0    1    0   -1    1
                  -1    1    0   -1    0    1   -1    0    0
                   1   -1    0    1    0   -1    1    0    0
     tnons  0.00000000000000D+00  0.00000000000000D+00  0.00000000000000D+00
            0.00000000000000D+00  0.00000000000000D+00  0.00000000000000D+00
            0.00000000000000D+00  0.00000000000000D+00  0.00000000000000D+00
            0.00000000000000D+00  0.00000000000000D+00  0.00000000000000D+00
            0.00000000000000D+00  0.00000000000000D+00  0.00000000000000D+00
            0.00000000000000D+00  0.00000000000000D+00  0.00000000000000D+00
            0.00000000000000D+00  0.00000000000000D+00  0.00000000000000D+00
            0.00000000000000D+00  0.00000000000000D+00  0.00000000000000D+00
            0.00000000000000D+00  0.00000000000000D+00  0.00000000000000D+00
            0.00000000000000D+00  0.00000000000000D+00  0.00000000000000D+00
            0.00000000000000D+00  0.00000000000000D+00  0.00000000000000D+00
            0.00000000000000D+00  0.00000000000000D+00  0.00000000000000D+00
            0.00000000000000D+00  0.00000000000000D+00  0.00000000000000D+00
            0.00000000000000D+00  0.00000000000000D+00  0.00000000000000D+00
            0.00000000000000D+00  0.00000000000000D+00  0.00000000000000D+00
            0.00000000000000D+00  0.00000000000000D+00  0.00000000000000D+00
            0.00000000000000D+00  0.00000000000000D+00  0.00000000000000D+00
            0.00000000000000D+00  0.00000000000000D+00  0.00000000000000D+00
            0.00000000000000D+00  0.00000000000000D+00  0.00000000000000D+00
            0.00000000000000D+00  0.00000000000000D+00  0.00000000000000D+00
            0.00000000000000D+00  0.00000000000000D+00  0.00000000000000D+00
            0.00000000000000D+00  0.00000000000000D+00  0.00000000000000D+00
            0.00000000000000D+00  0.00000000000000D+00  0.00000000000000D+00
            0.00000000000000D+00  0.00000000000000D+00  0.00000000000000D+00
            0.00000000000000D+00  0.00000000000000D+00  0.00000000000000D+00
            0.00000000000000D+00  0.00000000000000D+00  0.00000000000000D+00
            0.00000000000000D+00  0.00000000000000D+00  0.00000000000000D+00
            0.00000000000000D+00  0.00000000000000D+00  0.00000000000000D+00
            0.00000000000000D+00  0.00000000000000D+00  0.00000000000000D+00
            0.00000000000000D+00  0.00000000000000D+00  0.00000000000000D+00
            0.00000000000000D+00  0.00000000000000D+00  0.00000000000000D+00
            0.00000000000000D+00  0.00000000000000D+00  0.00000000000000D+00
            0.00000000000000D+00  0.00000000000000D+00  0.00000000000000D+00
            0.00000000000000D+00  0.00000000000000D+00  0.00000000000000D+00
            0.00000000000000D+00  0.00000000000000D+00  0.00000000000000D+00
            0.00000000000000D+00  0.00000000000000D+00  0.00000000000000D+00
            0.00000000000000D+00  0.00000000000000D+00  0.00000000000000D+00
            0.00000000000000D+00  0.00000000000000D+00  0.00000000000000D+00
            0.00000000000000D+00  0.00000000000000D+00  0.00000000000000D+00
            0.00000000000000D+00  0.00000000000000D+00  0.00000000000000D+00
            0.00000000000000D+00  0.00000000000000D+00  0.00000000000000D+00
            0.00000000000000D+00  0.00000000000000D+00  0.00000000000000D+00
            0.00000000000000D+00  0.00000000000000D+00  0.00000000000000D+00
            0.00000000000000D+00  0.00000000000000D+00  0.00000000000000D+00
            0.00000000000000D+00  0.00000000000000D+00  0.00000000000000D+00
            0.00000000000000D+00  0.00000000000000D+00  0.00000000000000D+00
            0.00000000000000D+00  0.00000000000000D+00  0.00000000000000D+00
            0.00000000000000D+00  0.00000000000000D+00  0.00000000000000D+00
    tolwfr  0.10000000000000D+01
   tphysel  0.00000000000000D+00
    tsmear  0.10000000000000D-01
     typat         1    2
       wtk  0.15625000000000D-01  0.15625000000000D-01  0.15625000000000D-01
            0.15625000000000D-01  0.15625000000000D-01  0.15625000000000D-01
            0.15625000000000D-01  0.15625000000000D-01  0.15625000000000D-01
            0.15625000000000D-01  0.15625000000000D-01  0.15625000000000D-01
            0.15625000000000D-01  0.15625000000000D-01  0.15625000000000D-01
            0.15625000000000D-01  0.15625000000000D-01  0.15625000000000D-01
            0.15625000000000D-01  0.15625000000000D-01  0.15625000000000D-01
            0.15625000000000D-01  0.15625000000000D-01  0.15625000000000D-01
            0.15625000000000D-01  0.15625000000000D-01  0.15625000000000D-01
            0.15625000000000D-01  0.15625000000000D-01  0.15625000000000D-01
            0.15625000000000D-01  0.15625000000000D-01  0.15625000000000D-01
            0.15625000000000D-01  0.15625000000000D-01  0.15625000000000D-01
            0.15625000000000D-01  0.15625000000000D-01  0.15625000000000D-01
            0.15625000000000D-01  0.15625000000000D-01  0.15625000000000D-01
            0.15625000000000D-01  0.15625000000000D-01  0.15625000000000D-01
            0.15625000000000D-01  0.15625000000000D-01  0.15625000000000D-01
            0.15625000000000D-01  0.15625000000000D-01  0.15625000000000D-01
            0.15625000000000D-01  0.15625000000000D-01  0.15625000000000D-01
            0.15625000000000D-01  0.15625000000000D-01  0.15625000000000D-01
            0.15625000000000D-01  0.15625000000000D-01  0.15625000000000D-01
            0.15625000000000D-01  0.15625000000000D-01  0.15625000000000D-01
            0.15625000000000D-01
      xred  0.00000000000000D+00  0.00000000000000D+00  0.00000000000000D+00
            0.50000000000000D+00  0.50000000000000D+00  0.50000000000000D+00
     znucl  0.20000000000000D+02  0.80000000000000D+01
      zion  0.10000000000000D+02  0.60000000000000D+01
 
  Description of the potentials (KB energies)
  vrsio8 (for pseudopotentials)=100401
  usepaw =  0
  dimekb =  6       lmnmax=  6
  Atom type=    1   pspso=  0   nekb=   6
  iln lpsang iproj  ekb(:)
     1     0     1     1.0063789E+01  0.0000000E+00  0.0000000E+00  0.0000000E+00
                       0.0000000E+00  0.0000000E+00
     2     0     2     0.0000000E+00  9.7239097E-01  0.0000000E+00  0.0000000E+00
                       0.0000000E+00  0.0000000E+00
     3     1     1     0.0000000E+00  0.0000000E+00  3.0498783E+00  0.0000000E+00
                       0.0000000E+00  0.0000000E+00
     4     1     2     0.0000000E+00  0.0000000E+00  0.0000000E+00  4.7179907E-01
                       0.0000000E+00  0.0000000E+00
     5     2     1     0.0000000E+00  0.0000000E+00  0.0000000E+00  0.0000000E+00
                      -3.4066715E+00  0.0000000E+00
     6     2     2     0.0000000E+00  0.0000000E+00  0.0000000E+00  0.0000000E+00
                      -3.4066715E+00  0.0000000E+00
  Atom type=    2   pspso=  0   nekb=   5
  iln lpsang iproj  ekb(:)
     1     0     1     6.0567355E+00  0.0000000E+00  0.0000000E+00  0.0000000E+00
                       0.0000000E+00
     2     0     2     0.0000000E+00  8.2402410E-01  0.0000000E+00  0.0000000E+00
                       0.0000000E+00
     3     1     1     0.0000000E+00  0.0000000E+00 -4.7171296E+00  0.0000000E+00
                       0.0000000E+00
     4     1     2     0.0000000E+00  0.0000000E+00  0.0000000E+00 -1.1492707E+00
                       0.0000000E+00
     5     2     1     0.0000000E+00  0.0000000E+00  0.0000000E+00  0.0000000E+00
                      -1.3319550E+00
 
 **** Database of total energy derivatives ****
 Number of data blocks=   10
  
 1st derivatives              - # elements :          12
     1     1  0.00000000000000D+00  0.00000000000000D+00
     2     1  0.00000000000000D+00  0.00000000000000D+00
     3     1  0.00000000000000D+00  0.00000000000000D+00
     1     2  0.00000000000000D+00  0.00000000000000D+00
     2     2  0.00000000000000D+00  0.00000000000000D+00
     3     2  0.00000000000000D+00  0.00000000000000D+00
     1     5  0.30687442086688D-04  0.00000000000000D+00
     2     5  0.30687442031694D-04  0.00000000000000D+00
     3     5  0.30687442035281D-04  0.00000000000000D+00
     1     6  0.00000000000000D+00  0.00000000000000D+00
     2     6  0.00000000000000D+00  0.00000000000000D+00
     3     6  0.00000000000000D+00  0.00000000000000D+00
  
 Total energy                 - # elements :           1
 -0.55386791395291D+02  0.00000000000000D+00
  
 2nd derivatives (non-stat.)  - # elements :          81
 qpt  0.00000000E+00  0.00000000E+00  0.00000000E+00   1.0
   1   1   1   1  0.11628112156145D+01  0.00000000000000D+00
   2   1   1   1  0.58140560820391D+00  0.00000000000000D+00
   3   1   1   1  0.58140560791264D+00  0.00000000000000D+00
   1   2   1   1 -0.11764188722368D+01  0.00000000000000D+00
   2   2   1   1 -0.58820943651516D+00  0.00000000000000D+00
   3   2   1   1 -0.58820943622399D+00  0.00000000000000D+00
   1   4   1   1 -0.48011522210237D+02  0.00000000000000D+00
   2   4   1   1  0.11796119636642D-15  0.00000000000000D+00
   3   4   1   1 -0.58980598183211D-16  0.00000000000000D+00
   1   1   2   1  0.58140560820414D+00  0.00000000000000D+00
   2   1   2   1  0.11628112163314D+01  0.00000000000000D+00
   3   1   2   1  0.58140560791321D+00  0.00000000000000D+00
   1   2   2   1 -0.58820943651515D+00  0.00000000000000D+00
   2   2   2   1 -0.11764188729532D+01  0.00000000000000D+00
   3   2   2   1 -0.58820943622397D+00  0.00000000000000D+00
   1   4   2   1  0.00000000000000D+00  0.00000000000000D+00
   2   4   2   1 -0.48011522210237D+02  0.00000000000000D+00
   3   4   2   1 -0.62450045135165D-16  0.00000000000000D+00
   1   1   3   1  0.58140560791276D+00  0.00000000000000D+00
   2   1   3   1  0.58140560791298D+00  0.00000000000000D+00
   3   1   3   1  0.11628112158241D+01  0.00000000000000D+00
   1   2   3   1 -0.58820943622398D+00  0.00000000000000D+00
   2   2   3   1 -0.58820943622397D+00  0.00000000000000D+00
   3   2   3   1 -0.11764188724480D+01  0.00000000000000D+00
   1   4   3   1  0.00000000000000D+00  0.00000000000000D+00
   2   4   3   1 -0.15496863052059D-15  0.00000000000000D+00
   3   4   3   1 -0.48011522210237D+02  0.00000000000000D+00
   1   1   1   2 -0.11764188722772D+01  0.00000000000000D+00
   2   1   1   2 -0.58820943653535D+00  0.00000000000000D+00
   3   1   1   2 -0.58820943624418D+00  0.00000000000000D+00
   1   2   1   2  0.16035616857384D+01  0.00000000000000D+00
   2   2   1   2  0.80178084326508D+00  0.00000000000000D+00
   3   2   1   2  0.80178084297381D+00  0.00000000000000D+00
   1   4   1   2 -0.52400513680729D+02  0.00000000000000D+00
   2   4   1   2 -0.14224732503010D-15  0.00000000000000D+00
   3   4   1   2  0.35850951836854D-16  0.00000000000000D+00
   1   1   2   2 -0.58820943653535D+00  0.00000000000000D+00
   2   1   2   2 -0.11764188729936D+01  0.00000000000000D+00
   3   1   2   2 -0.58820943624418D+00  0.00000000000000D+00
   1   2   2   2  0.80178084326553D+00  0.00000000000000D+00
   2   2   2   2  0.16035616864528D+01  0.00000000000000D+00
   3   2   2   2  0.80178084297404D+00  0.00000000000000D+00
   1   4   2   2 -0.14802973661669D-15  0.00000000000000D+00
   2   4   2   2 -0.52400513680729D+02  0.00000000000000D+00
   3   4   2   2  0.35850951836854D-16  0.00000000000000D+00
   1   1   3   2 -0.58820943624418D+00  0.00000000000000D+00
   2   1   3   2 -0.58820943624417D+00  0.00000000000000D+00
   3   1   3   2 -0.11764188724883D+01  0.00000000000000D+00
   1   2   3   2  0.80178084297449D+00  0.00000000000000D+00
   2   2   3   2  0.80178084297427D+00  0.00000000000000D+00
   3   2   3   2  0.16035616859467D+01  0.00000000000000D+00
   1   4   3   2  0.00000000000000D+00  0.00000000000000D+00
   2   4   3   2  0.21973164029040D-15  0.00000000000000D+00
   3   4   3   2 -0.52400513680729D+02  0.00000000000000D+00
   1   1   1   4 -0.48011522210237D+02  0.00000000000000D+00
   2   1   1   4  0.00000000000000D+00  0.00000000000000D+00
   3   1   1   4  0.00000000000000D+00  0.00000000000000D+00
   1   2   1   4 -0.52547986852226D+02  0.00000000000000D+00
   2   2   1   4 -0.14802973661669D-15  0.00000000000000D+00
   3   2   1   4  0.00000000000000D+00  0.00000000000000D+00
   1   4   1   4 -0.59995798009175D+02  0.00000000000000D+00
   2   4   1   4  0.19998599336392D+02  0.00000000000000D+00
   3   4   1   4  0.19998599336392D+02  0.00000000000000D+00
   1   1   2   4 -0.57824115865894D-18  0.00000000000000D+00
   2   1   2   4 -0.48011522210237D+02  0.00000000000000D+00
   3   1   2   4 -0.69388939039072D-17  0.00000000000000D+00
   1   2   2   4  0.26599093298311D-16  0.00000000000000D+00
   2   2   2   4 -0.52547986852226D+02  0.00000000000000D+00
   3   2   2   4 -0.76327832942980D-16  0.00000000000000D+00
   1   4   2   4  0.19998599336392D+02  0.00000000000000D+00
   2   4   2   4 -0.59995798009175D+02  0.00000000000000D+00
   3   4   2   4  0.19998599336392D+02  0.00000000000000D+00
   1   1   3   4  0.56089392389917D-16  0.00000000000000D+00
   2   1   3   4 -0.65919492087119D-16  0.00000000000000D+00
   3   1   3   4 -0.48011522210237D+02  0.00000000000000D+00
   1   2   3   4 -0.61293562817847D-16  0.00000000000000D+00
   2   2   3   4  0.10755285551056D-15  0.00000000000000D+00
   3   2   3   4 -0.52547986852226D+02  0.00000000000000D+00
   1   4   3   4  0.19998599336392D+02  0.00000000000000D+00
   2   4   3   4  0.19998599336392D+02  0.00000000000000D+00
   3   4   3   4 -0.59995798009175D+02  0.00000000000000D+00
  
 2nd derivatives (non-stat.)  - # elements :          36
 qpt  2.50000000E-01  0.00000000E+00  0.00000000E+00   1.0
   1   1   1   1  0.49704109022102D+01  0.55775407654434D-15
   2   1   1   1  0.72564061318997D+00 -0.24404709236794D-04
   3   1   1   1  0.72564061289302D+00 -0.24404709237012D-04
   1   2   1   1 -0.19649497614192D+01 -0.19650921788040D+01
   2   2   1   1 -0.29471554967689D+00 -0.29486481559780D+00
   3   2   1   1 -0.29471554952661D+00 -0.29486481544755D+00
   1   1   2   1  0.72564061319031D+00  0.24404709237766D-04
   2   1   2   1  0.14733339476695D+01  0.70501843844038D-16
   3   1   2   1  0.72390024511856D+00  0.19392040814415D-04
   1   2   2   1 -0.29677009917968D+00 -0.29682125622589D+00
   2   2   2   1 -0.59354019831128D+00 -0.59364251240365D+00
   3   2   2   1 -0.29584522511783D+00 -0.29598722816308D+00
   1   1   3   1  0.72564061289313D+00  0.24404709237548D-04
   2   1   3   1  0.72390024511810D+00 -0.19392040814662D-04
   3   1   3   1  0.14733339472689D+01 -0.16855700534713D-15
   1   2   3   1 -0.29677009902940D+00 -0.29682125607564D+00
   2   2   3   1 -0.29584522511783D+00 -0.29598722816308D+00
   3   2   3   1 -0.59354019805882D+00 -0.59364251215123D+00
   1   1   1   2 -0.19649497614192D+01  0.19650921788040D+01
   2   1   1   2 -0.29677009917968D+00  0.29682125622589D+00
   3   1   1   2 -0.29677009902940D+00  0.29682125607564D+00
   1   2   1   2  0.45202122042265D+01 -0.42370898379569D-15
   2   2   1   2  0.14812674570046D+01 -0.10813041050270D-04
   3   2   1   2  0.14812674567108D+01 -0.10813041050442D-04
   1   1   2   2 -0.29471554967689D+00  0.29486481559780D+00
   2   1   2   2 -0.59354019831128D+00  0.59364251240365D+00
   3   1   2   2 -0.29584522511783D+00  0.29598722816308D+00
   1   2   2   2  0.14812674570053D+01  0.10813041047803D-04
   2   2   2   2  0.21160579225566D+01 -0.15866111262676D-14
   3   2   2   2  0.14845163116358D+01 -0.13656819225436D-04
   1   1   3   2 -0.29471554952661D+00  0.29486481544755D+00
   2   1   3   2 -0.29584522511783D+00  0.29598722816308D+00
   3   1   3   2 -0.59354019805882D+00  0.59364251215123D+00
   1   2   3   2  0.14812674567120D+01  0.10813041047631D-04
   2   2   3   2  0.14845163116370D+01  0.13656819222236D-04
   3   2   3   2  0.21160579220909D+01 -0.19634553346370D-14
  
 2nd derivatives (non-stat.)  - # elements :          36
 qpt  5.00000000E-01  0.00000000E+00  0.00000000E+00   1.0
   1   1   1   1  0.61260225747299D+01  0.00000000000000D+00
   2   1   1   1  0.88125668455154D+00 -0.16945728523528D-04
   3   1   1   1  0.88125668425050D+00 -0.16945728523528D-04
   1   2   1   1  0.28697560767196D-13 -0.44247208259716D-15
   2   2   1   1 -0.13583245370388D-13 -0.15494142069373D-14
   3   2   1   1  0.33774493188880D-13 -0.15742049121742D-14
   1   1   2   1  0.88125668455189D+00  0.16945728523528D-04
   2   1   2   1  0.17776727830164D+01  0.00000000000000D+00
   3   1   2   1  0.87845822752581D+00  0.22006151406274D-04
   1   2   2   1 -0.13583245370441D-13 -0.15494142157598D-14
   2   2   2   1 -0.34289057088446D-13 -0.31351417561545D-14
   3   2   2   1 -0.46101942980734D-13 -0.17375083341158D-14
   1   1   3   1  0.88125668425062D+00  0.16945728523528D-04
   2   1   3   1  0.87845822752536D+00 -0.22006151406274D-04
   3   1   3   1  0.17776727827234D+01  0.00000000000000D+00
   1   2   3   1  0.33774493188827D-13 -0.15742049209967D-14
   2   2   3   1 -0.46101942980735D-13 -0.17375083341158D-14
   3   2   3   1  0.50634130598203D-14 -0.30418541218496D-14
   1   1   1   2  0.28697560767198D-13  0.44247209141961D-15
   2   1   1   2 -0.13583245370441D-13  0.15494142157598D-14
   3   1   1   2  0.33774493188828D-13  0.15742049209967D-14
   1   2   1   2  0.47157863416151D+01  0.00000000000000D+00
   2   2   1   2  0.17142971955620D+01 -0.16254767189191D-04
   3   2   1   2  0.17142971952669D+01 -0.16254767189191D-04
   1   1   2   2 -0.13583245370387D-13  0.15494142157598D-14
   2   1   2   2 -0.34289057088444D-13  0.31351417561545D-14
   3   1   2   2 -0.46101942980734D-13  0.17375083341158D-14
   1   2   2   2  0.17142971955627D+01  0.16254767189191D-04
   2   2   2   2  0.25772949344532D+01  0.00000000000000D+00
   3   2   2   2  0.17169821423201D+01 -0.16898592124051D-04
   1   1   3   2  0.33774493188881D-13  0.15742049209967D-14
   2   1   3   2 -0.46101942980734D-13  0.17375083341158D-14
   3   1   3   2  0.50634130598214D-14  0.30418541218496D-14
   1   2   3   2  0.17142971952680D+01  0.16254767189191D-04
   2   2   3   2  0.17169821423213D+01  0.16898592124051D-04
   3   2   3   2  0.25772949340262D+01  0.00000000000000D+00
  
 2nd derivatives (non-stat.)  - # elements :          36
 qpt  2.50000000E-01  2.50000000E-01  0.00000000E+00   1.0
   1   1   1   1  0.37535251093225D+01 -0.38835155031364D-15
   2   1   1   1  0.27929862273774D+01  0.26181332620701D-16
   3   1   1   1  0.96053888238134D+00  0.28246529962573D-15
   1   2   1   1 -0.91882302027015D-04 -0.18850026061593D+01
   2   2   1   1 -0.91882302029410D-04 -0.14679007014598D+01
   3   2   1   1 -0.69162718460203D-14 -0.41710190505979D+00
   1   1   2   1  0.27929862273777D+01  0.26181332620701D-16
   2   1   2   1  0.37535251097790D+01  0.65954977376271D-15
   3   1   2   1  0.96053888238146D+00 -0.66249360684099D-15
   1   2   2   1 -0.91882302029410D-04 -0.14679007014598D+01
   2   2   2   1 -0.91882302018382D-04 -0.18850026065063D+01
   3   2   2   1 -0.73076637024515D-14 -0.41710190505978D+00
   1   1   3   1  0.96053888238146D+00  0.28246529962573D-15
   2   1   3   1  0.96053888238112D+00 -0.66249360684099D-15
   3   1   3   1  0.19210777647620D+01  0.17540027963456D-15
   1   2   3   1 -0.69162718460203D-14 -0.41710190505979D+00
   2   2   3   1 -0.73076637024515D-14 -0.41710190505979D+00
   3   2   3   1  0.73621346338518D-14 -0.83420381011948D+00
   1   1   1   2 -0.20055932717444D-04  0.18850026039801D+01
   2   1   1   2 -0.20055932719839D-04  0.14679006992806D+01
   3   1   1   2 -0.69162701519544D-14  0.41710190505979D+00
   1   2   1   2  0.35744298875784D+01  0.23440582172046D-15
   2   2   1   2  0.25487799920325D+01  0.19701936063776D-15
   3   2   1   2  0.10256498960225D+01 -0.64673725180148D-15
   1   1   2   2 -0.20055932719839D-04  0.14679006992806D+01
   2   1   2   2 -0.20055932708811D-04  0.18850026043271D+01
   3   1   2   2 -0.73076603143197D-14  0.41710190505977D+00
   1   2   2   2  0.25487799920336D+01  0.19701936063776D-15
   2   2   2   2  0.35744298881991D+01 -0.74812307121249D-16
   3   2   2   2  0.10256498960230D+01 -0.33156290244348D-15
   1   1   3   2 -0.69162684578885D-14  0.41710190505979D+00
   2   1   3   2 -0.73076637024515D-14  0.41710190505978D+00
   3   1   3   2  0.73621431041813D-14  0.83420381011948D+00
   1   2   3   2  0.10256498960237D+01 -0.64673725180148D-15
   2   2   3   2  0.10256498960241D+01 -0.33156290244348D-15
   3   2   3   2  0.20512997920464D+01 -0.11536559975120D-14
  
 2nd derivatives (non-stat.)  - # elements :          36
 qpt  5.00000000E-01  2.50000000E-01  0.00000000E+00   1.0
   1   1   1   1  0.50771788505556D+01 -0.65670660039815D-16
   2   1   1   1  0.18593234816688D+01 -0.22263029322390D-04
   3   1   1   1  0.11037076648612D+01 -0.31307410602548D-05
   1   2   1   1  0.60053498289388D+00 -0.60045674910852D+00
   2   2   1   1  0.32046943963957D+00 -0.32041613000747D+00
   3   2   1   1  0.11444134310545D+00 -0.11442296662447D+00
   1   1   2   1  0.18593234816691D+01  0.22263029323384D-04
   2   1   2   1  0.29240009383504D+01 -0.44559063974189D-15
   3   1   2   1  0.11029315390092D+01  0.29816251711466D-04
   1   2   2   1  0.28263762960350D+00 -0.28258836117697D+00
   2   2   2   1  0.27188938312743D+00 -0.27180319050275D+00
   3   2   2   1  0.11590097633064D+00 -0.11588317195701D+00
   1   1   3   1  0.11037076648613D+01  0.31307410606004D-05
   2   1   3   1  0.11029315390088D+01 -0.29816251711387D-04
   3   1   3   1  0.22307215312705D+01  0.17120072777449D-16
   1   2   3   1  0.11568644894817D+00 -0.11570974478267D+00
   2   2   3   1  0.11568644894813D+00 -0.11570974478271D+00
   3   2   3   1  0.23137289789632D+00 -0.23141948956537D+00
   1   1   1   2  0.60053498289388D+00  0.60045674910852D+00
   2   1   1   2  0.28263762960350D+00  0.28258836117697D+00
   3   1   1   2  0.11568644894817D+00  0.11570974478267D+00
   1   2   1   2  0.40700565350571D+01  0.89549269193153D-16
   2   2   1   2  0.20717752289393D+01 -0.10646661552605D-04
   3   2   1   2  0.16578524996103D+01  0.83059419527937D-05
   1   1   2   2  0.32046943963957D+00  0.32041613000747D+00
   2   1   2   2  0.27188938312743D+00  0.27180319050275D+00
   3   1   2   2  0.11568644894813D+00  0.11570974478271D+00
   1   2   2   2  0.20717752289399D+01  0.10646661553149D-04
   2   2   2   2  0.28954102132579D+01  0.53824724964258D-15
   3   2   2   2  0.16620719294167D+01 -0.95222823207408D-05
   1   1   3   2  0.11444134310545D+00  0.11442296662447D+00
   2   1   3   2  0.11590097633064D+00  0.11588317195701D+00
   3   1   3   2  0.23137289789632D+00  0.23141948956537D+00
   1   2   3   2  0.16578524996114D+01 -0.83059419534250D-05
   2   2   3   2  0.16620719294178D+01  0.95222823207975D-05
   3   2   3   2  0.24750011344645D+01 -0.64712279283126D-15
  
 2nd derivatives (non-stat.)  - # elements :          36
 qpt -2.50000000E-01  2.50000000E-01  0.00000000E+00   1.0
   1   1   1   1  0.35143936997417D+01  0.25672626095563D-15
   2   1   1   1  0.35310544849301D+00 -0.38270637971914D-04
   3   1   1   1  0.89434115773315D+00 -0.22111317891816D-04
   1   2   1   1 -0.69124105459161D+00 -0.21079351222494D-04
   2   2   1   1  0.20824111651894D+00  0.30776431456203D-04
   3   2   1   1 -0.18696527861882D+00 -0.34965280412248D-04
   1   1   2   1  0.35310544849335D+00  0.38270637972403D-04
   2   1   2   1  0.35143937006828D+01  0.64113062872195D-15
   3   1   2   1  0.89436526461748D+00  0.22110649616944D-04
   1   2   2   1  0.20824111651894D+00 -0.30776431407296D-04
   2   2   2   1 -0.69124105524351D+00  0.21079351235963D-04
   3   2   2   1 -0.18696690918427D+00 -0.32744686929914D-04
   1   1   3   1  0.89434115773327D+00  0.22111317892659D-04
   2   1   3   1  0.89436526461702D+00 -0.22110649616836D-04
   3   1   3   1  0.17887063903017D+01 -0.40839911306731D-16
   1   2   3   1 -0.18696609002910D+00 -0.33854983437415D-04
   2   2   3   1 -0.18696609002910D+00  0.33854983428774D-04
   3   2   3   1 -0.37393218005819D+00 -0.67709966947082D-04
   1   1   1   2 -0.69124105459161D+00  0.21079351222494D-04
   2   1   1   2  0.20824111651894D+00  0.30776431407296D-04
   3   1   1   2 -0.18696609002910D+00  0.33854983437415D-04
   1   2   1   2  0.32787789271347D+01  0.46760961573264D-15
   2   2   1   2  0.11292235721535D+01 -0.11539006765545D-04
   3   2   1   2  0.12742136539900D+01  0.45769503642235D-05
   1   1   2   2  0.20824111651894D+00 -0.30776431456203D-04
   2   1   2   2 -0.69124105524351D+00 -0.21079351235963D-04
   3   1   2   2 -0.18696609002910D+00 -0.33854983428774D-04
   1   2   2   2  0.11292235721542D+01  0.11539006766222D-04
   2   2   2   2  0.32787789279291D+01  0.41815716174540D-15
   3   2   2   2  0.12738181033196D+01 -0.45766146779913D-05
   1   1   3   2 -0.18696527861882D+00  0.34965280412248D-04
   2   1   3   2 -0.18696690918427D+00  0.32744686929914D-04
   3   1   3   2 -0.37393218005819D+00  0.67709966947082D-04
   1   2   3   2  0.12742136539912D+01 -0.45769503644192D-05
   2   2   3   2  0.12738181033208D+01  0.45766146782173D-05
   3   2   3   2  0.25491814966658D+01  0.16522654497160D-16
  
 2nd derivatives (non-stat.)  - # elements :          36
 qpt  5.00000000E-01  5.00000000E-01  0.00000000E+00   1.0
   1   1   1   1  0.40570171075731D+01  0.00000000000000D+00
   2   1   1   1  0.27114339827838D+01  0.00000000000000D+00
   3   1   1   1  0.13455831251429D+01  0.00000000000000D+00
   1   2   1   1  0.69418451277263D+00  0.58569478821478D-04
   2   2   1   1  0.45774618356999D+00  0.23411587182267D-04
   3   2   1   1  0.23643832941066D+00  0.35157891639211D-04
   1   1   2   1  0.27114339827843D+01  0.00000000000000D+00
   2   1   2   1  0.40570171077213D+01  0.00000000000000D+00
   3   1   2   1  0.13455831251431D+01  0.00000000000000D+00
   1   2   2   1  0.45774618357002D+00  0.23411587182267D-04
   2   2   2   1  0.69418451272331D+00  0.58569478821478D-04
   3   2   2   1  0.23643832941065D+00  0.35157891639211D-04
   1   1   3   1  0.13455831251432D+01  0.00000000000000D+00
   2   1   3   1  0.13455831251429D+01  0.00000000000000D+00
   3   1   3   1  0.26911662502851D+01  0.00000000000000D+00
   1   2   3   1  0.23643832941064D+00  0.35157891639211D-04
   2   2   3   1  0.23643832941063D+00  0.35157891639211D-04
   3   2   3   1  0.47287665882130D+00  0.70315783278422D-04
   1   1   1   2  0.69418450988767D+00 -0.58569478813770D-04
   2   1   1   2  0.45774618068503D+00 -0.23411587174559D-04
   3   1   1   2  0.23643832941066D+00 -0.35157891639211D-04
   1   2   1   2  0.31355663647637D+01  0.00000000000000D+00
   2   2   1   2  0.19538152753960D+01  0.00000000000000D+00
   3   2   1   2  0.11817510898138D+01  0.00000000000000D+00
   1   1   2   2  0.45774618068500D+00 -0.23411587174559D-04
   2   1   2   2  0.69418450983831D+00 -0.58569478813770D-04
   3   1   2   2  0.23643832941065D+00 -0.35157891639211D-04
   1   2   2   2  0.19538152753969D+01  0.00000000000000D+00
   2   2   2   2  0.31355663652730D+01  0.00000000000000D+00
   3   2   2   2  0.11817510898145D+01  0.00000000000000D+00
   1   1   3   2  0.23643832941066D+00 -0.35157891639211D-04
   2   1   3   2  0.23643832941064D+00 -0.35157891639211D-04
   3   1   3   2  0.47287665882128D+00 -0.70315783278422D-04
   1   2   3   2  0.11817510898150D+01  0.00000000000000D+00
   2   2   3   2  0.11817510898154D+01  0.00000000000000D+00
   3   2   3   2  0.23635021796285D+01  0.00000000000000D+00
  
 2nd derivatives (non-stat.)  - # elements :          36
 qpt -2.50000000E-01  5.00000000E-01  2.50000000E-01   1.0
   1   1   1   1  0.37186110020125D+01 -0.35161657877549D-05
   2   1   1   1  0.20181539456380D+01 -0.11145030011347D-04
   3   1   1   1  0.16722100701728D+01 -0.35161657868431D-05
   1   2   1   1  0.70750436805307D-05  0.11912368111983D+00
   2   2   1   1  0.13018643726376D-04  0.11758258384922D+00
   3   2   1   1 -0.29438242435536D-13  0.36488637431184D-09
   1   1   2   1  0.20181539456383D+01  0.11145030012368D-04
   2   1   2   1  0.40647268420796D+01 -0.65701989627437D-16
   3   1   2   1  0.20182913854940D+01 -0.85508198602872D-05
   1   2   2   1  0.70750437227836D-05  0.11912368089454D+00
   2   2   2   1 -0.15807412479014D-04  0.41344212389043D-05
   3   2   2   1 -0.70750437032307D-05 -0.11912368030523D+00
   1   1   3   1  0.16722100701727D+01 -0.35161657868431D-05
   2   1   3   1  0.20182913854935D+01  0.85508198617940D-05
   3   1   3   1  0.37186110026992D+01 -0.35161657872801D-05
   1   2   3   1 -0.29438320786073D-13  0.36488637431184D-09
   2   2   3   1 -0.14554285027591D-04 -0.11758841038338D+00
   3   2   3   1 -0.70750437204701D-05 -0.11912368028721D+00
   1   1   1   2 -0.70750438061485D-05 -0.11646650344298D+00
   2   1   1   2 -0.70750437638949D-05 -0.11646650321769D+00
   3   1   1   2 -0.29437727016051D-13 -0.36488637431184D-09
   1   2   1   2  0.27049319329071D+01  0.49073385511905D-05
   2   2   1   2  0.20339921185616D+01 -0.17413317749728D-04
   3   2   1   2  0.15091484967325D+01  0.49073385484902D-05
   1   1   2   2  0.13018643726376D-04 -0.11758258384922D+00
   2   1   2   2 -0.15807412479014D-04 -0.41344212389043D-05
   3   1   2   2 -0.14554285027591D-04  0.11758841038338D+00
   1   2   2   2  0.20339921185623D+01  0.17413317752844D-04
   2   2   2   2  0.32240111516990D+01  0.25367991342759D-14
   3   2   2   2  0.20336044350133D+01 -0.10671132178726D-04
   1   1   3   2 -0.29437812566368D-13 -0.36488637431184D-09
   2   1   3   2  0.70750437834499D-05  0.11646650262837D+00
   3   1   3   2  0.70750437662101D-05  0.11646650261036D+00
   1   2   3   2  0.15091484967334D+01  0.49073385484902D-05
   2   2   3   2  0.20336044350145D+01  0.10671132182267D-04
   3   2   3   2  0.27049319332887D+01  0.49073385488338D-05
