81   
18   

1    
  0.0086602540378444   0.0000000000000000   0.0050000000000000
  -0.0305557235    0.0000180608   -0.0167614064
  -0.0024580957   -0.0012932972    0.0022659968
  -0.0003928452    0.0006510074    0.0000282684
  -0.0004474053    0.0040070396   -0.0002869435
   0.0003111291    0.0009325645    0.0002205351
  -0.0001540716   -0.0003042082    0.0001823304
  -0.0008033266    0.0032993272    0.0001284305
  -0.0007667014    0.0000529487   -0.0003322714
   0.0020606284    0.0013104711   -0.0032822827
   0.0052137422    0.0001501496    0.0030145173
   0.0016834353    0.0000161520    0.0002302233
   0.0005661865    0.0008419687   -0.0002506985
   0.0009692716   -0.0000587759    0.0004848651
   0.0001214047   -0.0006632158   -0.0002350388
  -0.0001336499   -0.0006282149   -0.0003652989
  -0.0007345673   -0.0037636712   -0.0007384699
  -0.0002093401   -0.0005779038    0.0011251516
   0.0003665088   -0.0000100029    0.0001720294
   0.0044102280    0.0000316580    0.0034190173
   0.0013687401    0.0011581695   -0.0036136019
  -0.0004218333   -0.0002172497    0.0007361830
  -0.0003006092   -0.0043498696   -0.0007314854
  -0.0003906775   -0.0003177726    0.0000204248
   0.0006526447   -0.0002875472   -0.0003495741
   0.0014858644    0.0002963228    0.0005932094
   0.0007197342    0.0009461609   -0.0002058958
  -0.0025021015   -0.0013460633    0.0029942728
  -0.0010249720   -0.0010348502   -0.0002557070
  -0.0002543228   -0.0000975235   -0.0001490918
  -0.0000438951   -0.0003359097    0.0004774228
   0.0003178732    0.0000566008    0.0000692398
   0.0002734226    0.0003600793    0.0000385477
  -0.0000315140   -0.0001090774   -0.0000317044
   0.0053036234   -0.0008022910    0.0014146994
  -0.0004957494    0.0007852591   -0.0011966640
  -0.0429433458    0.0153042452    0.0002784729
  -0.0007246360    0.0009079224   -0.0009468559
  -0.0004559299    0.0007686136    0.0010491484
  -0.0003621869   -0.0001188075   -0.0000274978
  -0.0002839056    0.0006598401    0.0000472469
  -0.0003516746    0.0000165953   -0.0001887266
  -0.0002165239    0.0001110472    0.0001673313
  -0.0010846624    0.0001824649   -0.0006896636
  -0.0013393009   -0.0005769174    0.0001783622
  -0.0005588088    0.0000282758    0.0005362806
   0.0027578034   -0.0001378123    0.0014145297
   0.0008284289   -0.0009119887   -0.0008456462
   0.0003595819   -0.0457901758   -0.0000644902
   0.0001273289   -0.0005888920   -0.0002824192
   0.0002289402   -0.0003698302    0.0001807106
   0.0001596118   -0.0000404351    0.0001266613
   0.0256217885    0.0162896533   -0.0340707055
   0.0026810205    0.0000477004    0.0014794784
   0.0218231323    0.0153453245    0.0369106033
  -0.0191627154   -0.0153835062   -0.0360493383
   0.0039274719    0.0009279513    0.0038787298
  -0.0215014158   -0.0152786162    0.0367766976
   0.0001681885   -0.0002976672    0.0002017370
  -0.0001067784   -0.0005858201   -0.0002436964
  -0.0000716852   -0.0000403358    0.0000739559
   0.0006595443    0.0452252752   -0.0008820288
   0.0024499716    0.0001507130    0.0013803455
   0.0002453222    0.0003307634   -0.0000060606
  -0.0012970672   -0.0006641114    0.0002033539
  -0.0011606564   -0.0000423867   -0.0006532891
  -0.0006330078   -0.0001896878    0.0004822627
  -0.0003134618    0.0000413406   -0.0002113513
  -0.0003095087    0.0006425891    0.0000405921
  -0.0001665900    0.0001458643    0.0002075135
  -0.0004764488    0.0009187033    0.0008895348
  -0.0007420640    0.0010784172   -0.0007702572
  -0.0003818874    0.0001029403   -0.0000448121
   0.0429727709   -0.0147592705   -0.0012189301
   0.0050980262   -0.0010565170    0.0013814269
   0.0004796992   -0.0001783909    0.0003453156
   0.0004064382    0.0002910290   -0.0001307464
   0.0004637849   -0.0000090526    0.0002481115
   0.0001680504   -0.0002010178   -0.0000411522
   0.0000416438    0.0001127690   -0.0001403072
  -0.0008430541   -0.0008988219   -0.0001818700
   0.0001157312   -0.0002264730    0.0003822118

1    
 -0.0086602540378444   0.0000000000000000  -0.0050000000000000
   0.0305629437   -0.0000112224    0.0183881780
   0.0024385656    0.0012819711   -0.0038925282
   0.0008600729    0.0006595236    0.0007981175
   0.0007134870   -0.0041132813    0.0002474410
   0.0001566573    0.0003884421   -0.0010243562
  -0.0003194071   -0.0010196322   -0.0010040217
   0.0003428774   -0.0046272407    0.0006873980
   0.0004958027    0.0000760983    0.0003558507
  -0.0006601036   -0.0012978780    0.0040893880
  -0.0052118843    0.0001481698   -0.0030352289
  -0.0002883480   -0.0000154852   -0.0010339550
  -0.0007383307   -0.0009590418    0.0004711077
  -0.0011285221   -0.0000475512   -0.0007571037
  -0.0009952902    0.0000502748    0.0002469532
   0.0010649340   -0.0006899691    0.0003652781
   0.0002914086    0.0043779094   -0.0000126715
  -0.0002429317    0.0011939580   -0.0003793270
  -0.0017710841    0.0000050367   -0.0009960497
  -0.0058278778   -0.0000326371   -0.0026236536
  -0.0013441342   -0.0014609983    0.0036587620
  -0.0005059661    0.0015370690   -0.0007328527
   0.0007580254    0.0037447178   -0.0000142931
   0.0008226747   -0.0003063925    0.0007251458
  -0.0004835589    0.0004021870    0.0001254811
  -0.0006124536    0.0003150761   -0.0006075718
  -0.0005558787   -0.0008335148    0.0004811938
   0.0025119567    0.0013519318   -0.0029972542
   0.0010380820    0.0010391053    0.0002613596
  -0.0000675382   -0.0001242566   -0.0000146824
  -0.0002695088    0.0001119263   -0.0003112027
  -0.0005244091    0.0000384210   -0.0004314878
  -0.0003548798   -0.0003351771   -0.0000444609
  -0.0001684233    0.0002111680    0.0003988501
  -0.0050723202    0.0010373380   -0.0016084324
   0.0003800230   -0.0004272554    0.0013935219
  -0.0438528400    0.0153589058   -0.0002836134
   0.0007511287   -0.0011406431    0.0005846643
   0.0004527653   -0.0008605408   -0.0010574256
   0.0003871870   -0.0001118162    0.0003954748
   0.0003132453   -0.0006279955   -0.0001212669
   0.0003935259    0.0000117835    0.0002630568
   0.0000824528   -0.0002035135   -0.0001773683
   0.0013217898    0.0001812153    0.0006936756
   0.0012817268    0.0006641701   -0.0002996393
   0.0005023235    0.0000605153   -0.0004308034
  -0.0024595330   -0.0001211130   -0.0016043990
  -0.0005223243    0.0006848445    0.0010439686
  -0.0003709565   -0.0462629491    0.0000683074
   0.0002898161    0.0006904950    0.0002918773
  -0.0001727451    0.0002790639   -0.0003024279
  -0.0001100482   -0.0000446356   -0.0000233035
   0.0175967528    0.0142668115   -0.0413935681
  -0.0025467888    0.0000532098   -0.0015062181
   0.0215727824    0.0153357581    0.0382692326
  -0.0242504536   -0.0153226676   -0.0390985889
  -0.0038783851   -0.0008908025   -0.0035753362
  -0.0218944370   -0.0153980733    0.0383811614
  -0.0002230656    0.0003864261   -0.0003050111
   0.0000496578    0.0006796128    0.0003601714
  -0.0003414009   -0.0000604538   -0.0000863740
  -0.0006545593    0.0468213896    0.0008888215
  -0.0027512389    0.0001036014   -0.0015910169
  -0.0005402046   -0.0001030264    0.0002017549
   0.0013594818    0.0005770638   -0.0003018416
   0.0012272551   -0.0000417089    0.0007620321
   0.0004072766   -0.0001667785   -0.0004872505
   0.0004413145    0.0000477665    0.0002195057
   0.0002711732   -0.0006574341   -0.0001042808
   0.0001345582   -0.0001701786   -0.0001332465
   0.0004472687   -0.0006944525   -0.0012482487
   0.0007420221   -0.0009811287    0.0007670852
   0.0003583108    0.0001228010    0.0004007619
   0.0438160011   -0.0159342661    0.0012382328
  -0.0053329289    0.0008198377   -0.0015826456
  -0.0003710337   -0.0001783254   -0.0001484052
  -0.0002106545   -0.0003896786   -0.0002339081
  -0.0003800730   -0.0000162077   -0.0002401435
   0.0000392084    0.0001030127    0.0003993162
   0.0002785579    0.0001176188   -0.0000204323
   0.0011701708    0.0011316033    0.0003436732
  -0.0001187431    0.0002120926   -0.0003889035

4    
  0.0086602540378444   0.0000000000000000   0.0050000000000000
  -0.0005789629    0.0040582929    0.0005556809
  -0.0006296750    0.0000030460   -0.0011663873
  -0.0022351554   -0.0006261270    0.0034242905
  -0.0304888352   -0.0000522453   -0.0176880534
  -0.0022503255   -0.0006601671    0.0026068231
  -0.0008628720   -0.0006565350   -0.0007624781
  -0.0008115405    0.0034093315    0.0001147743
  -0.0000554009    0.0004065934    0.0006319785
   0.0000982957   -0.0000052132    0.0000482379
  -0.0005444709   -0.0039249359   -0.0003771477
   0.0007067472   -0.0008977263    0.0003404170
   0.0012876336    0.0012570382   -0.0035504459
   0.0051547074   -0.0000548301    0.0028865346
   0.0006264346   -0.0003066977    0.0006186837
   0.0011104182    0.0002440276   -0.0003587616
   0.0008452061    0.0003120816    0.0002397603
   0.0003433120   -0.0000350595    0.0001409593
  -0.0001233778   -0.0003530851   -0.0006478178
   0.0003578529    0.0000009202    0.0010134070
   0.0006665020    0.0007529990   -0.0003371094
   0.0005903223    0.0006584431    0.0006107581
   0.0054323015   -0.0003044198    0.0026392253
   0.0015904415    0.0009915192   -0.0032760721
   0.0001031360   -0.0008404404    0.0006386689
  -0.0000877593   -0.0037551494   -0.0003693431
  -0.0005401474    0.0000566067   -0.0002194159
   0.0000947832    0.0003441602    0.0006167344
   0.0053744814   -0.0009733291    0.0015135185
  -0.0006084528    0.0005083823   -0.0013551749
   0.0002657724   -0.0001179741    0.0003292414
  -0.0011379030   -0.0009891290   -0.0004381402
  -0.0001564070    0.0000143181   -0.0000669203
   0.0000170221   -0.0001782007    0.0005729737
   0.0003721343    0.0001828629    0.0001450172
   0.0002635930    0.0005192070    0.0001459004
  -0.0433167764    0.0151888586   -0.0002056502
  -0.0011989234   -0.0001148763   -0.0008797910
  -0.0013278968   -0.0006694599    0.0002470459
  -0.0005195590   -0.0001238835    0.0006648311
  -0.0007196782    0.0010508420   -0.0008064195
  -0.0004336099    0.0008214005    0.0010909965
  -0.0004375589   -0.0000444784   -0.0002227153
  -0.0001826464    0.0008290493    0.0000812814
  -0.0004079575    0.0000392471   -0.0002739865
  -0.0001906680    0.0002019967    0.0002197770
   0.0039758758    0.0007312147    0.0034895416
   0.0027735350   -0.0001016505    0.0016013882
   0.0001530953   -0.0460192249   -0.0006800907
   0.0028214786    0.0000339546    0.0015183474
   0.0007150111   -0.0008572070   -0.0009870013
   0.0004215585    0.0001745011   -0.0000527012
   0.0216249248    0.0147122801   -0.0378703903
   0.0002538246   -0.0002999220    0.0002378224
   0.0218284358    0.0153340211    0.0376430049
  -0.0210265049   -0.0161597090   -0.0385283525
   0.0025619998   -0.0000267668    0.0015032791
  -0.0212955837   -0.0151120887    0.0374869192
   0.0025815771    0.0000286062    0.0014693702
   0.0039656484    0.0010187175    0.0039531268
  -0.0000601030   -0.0000400685   -0.0007011480
   0.0001991286    0.0456841387    0.0002569854
  -0.0002336014   -0.0005307960   -0.0004006400
  -0.0000171503    0.0001106574    0.0001708010
  -0.0004372049    0.0007732797    0.0010103401
  -0.0007114900    0.0009988367   -0.0007123093
  -0.0004985040   -0.0001799392   -0.0002177825
  -0.0012693905   -0.0005791441    0.0002540026
  -0.0012339837   -0.0000187613   -0.0007430779
  -0.0005563725   -0.0000430931    0.0005221010
  -0.0003934643    0.0001171581   -0.0003997167
  -0.0002926119    0.0007029346    0.0000652542
  -0.0001614926    0.0002722825    0.0003513977
   0.0432838088   -0.0153308584   -0.0000452683
  -0.0009728627   -0.0012150405   -0.0003690660
   0.0001651567   -0.0003988101    0.0004861976
  -0.0003444835    0.0005622842   -0.0014574506
   0.0050706323   -0.0008704505    0.0015060912
   0.0005331391   -0.0000463497    0.0004314515
   0.0004659846    0.0004520598   -0.0000348517
   0.0005906814    0.0001164044    0.0003317854
   0.0000647704   -0.0001607123   -0.0002250468

4    
 -0.0086602540378444   0.0000000000000000  -0.0050000000000000
   0.0005917931   -0.0040649947    0.0010788838
   0.0006270983    0.0000047763   -0.0004675329
   0.0027208648    0.0019569292   -0.0026087765
   0.0307656195   -0.0000642163    0.0176576740
   0.0027026856    0.0019727111   -0.0034105395
   0.0003853652   -0.0006789481   -0.0000488389
   0.0003377551   -0.0047163224    0.0006856402
  -0.0002192407   -0.0002883727   -0.0005974893
   0.0013071793    0.0000093108    0.0007699048
   0.0005143058    0.0042117489    0.0003413755
   0.0006867339    0.0008985899   -0.0011495322
  -0.0014583027   -0.0013676305    0.0037580336
  -0.0052905819   -0.0000568200   -0.0031473056
  -0.0014995162   -0.0003076399   -0.0006018616
  -0.0001831624   -0.0015618485    0.0003571725
  -0.0012783164    0.0003180074   -0.0009849908
  -0.0007939969    0.0006530299    0.0006079790
  -0.0012817853    0.0003478011   -0.0001720823
  -0.0017531214   -0.0000032487   -0.0002087592
  -0.0006419824   -0.0010475058    0.0003710354
  -0.0015196666    0.0006570611   -0.0006131147
  -0.0050064791   -0.0003109165   -0.0033982166
  -0.0011532644   -0.0016239748    0.0040369136
   0.0000659223    0.0009547512   -0.0008550916
   0.0009698520    0.0043811052    0.0003595682
   0.0006983754    0.0000550457    0.0004930965
  -0.0000957501   -0.0003454750   -0.0006194397
  -0.0050239486    0.0008556656   -0.0015032821
   0.0002886262   -0.0007335023    0.0011927842
  -0.0005827794   -0.0001098811   -0.0001696514
   0.0009306253    0.0010823453    0.0000808092
   0.0000740713    0.0000138370    0.0000653608
  -0.0002130935    0.0002755122   -0.0002105562
  -0.0004828252    0.0001728321   -0.0003427772
  -0.0003682379   -0.0001633026    0.0000581619
  -0.0434725611    0.0154979338    0.0002091250
   0.0012228478   -0.0001120094    0.0005231009
   0.0013317077    0.0005760778   -0.0002509626
   0.0005441581   -0.0000979857   -0.0003008590
   0.0007657441   -0.0010247091    0.0007293152
   0.0004796600   -0.0007982188   -0.0010265540
   0.0003139018   -0.0000448001    0.0002136196
   0.0004128055   -0.0004695071   -0.0000733496
   0.0003443705    0.0000413783    0.0001608463
   0.0001242560   -0.0001170037   -0.0001193269
  -0.0038494892   -0.0010798239   -0.0039858487
  -0.0024608736   -0.0001061164   -0.0014218724
  -0.0001534236   -0.0460336269    0.0006871938
  -0.0024111635    0.0000344852   -0.0015079729
  -0.0006590640    0.0007670045    0.0008720023
  -0.0003685810   -0.0002643045    0.0001478533
   0.0217709826    0.0159779583   -0.0372869916
  -0.0001398749    0.0003825740   -0.0002482773
   0.0215809547    0.0153512718    0.0375282919
  -0.0223736064   -0.0145296139   -0.0366441678
  -0.0026763705   -0.0000258736   -0.0015073559
  -0.0220993606   -0.0155745618    0.0376898115
  -0.0026532480    0.0000395267   -0.0015474053
  -0.0038482959   -0.0008077237   -0.0035408219
  -0.0003570302   -0.0000623232    0.0006957990
  -0.0001941035    0.0463828613   -0.0002512066
  -0.0000672858    0.0007571976    0.0001939471
  -0.0002804564    0.0001123423    0.0000215326
   0.0004942744   -0.0008532078   -0.0011079130
   0.0007752973   -0.0010749853    0.0008225258
   0.0002639008   -0.0001773489    0.0002125412
   0.0013902767    0.0006644394   -0.0002426499
   0.0011933716   -0.0000148834    0.0006646890
   0.0005122583    0.0000025794   -0.0004461672
   0.0003648757    0.0001082514    0.0000376474
   0.0002968685   -0.0006066347   -0.0000731013
   0.0001417970   -0.0000466783    0.0000056411
   0.0435037193   -0.0153438490    0.0000604835
   0.0010881125    0.0008617478    0.0001635616
  -0.0000586032    0.0000455292   -0.0002960880
   0.0005477448   -0.0006666429    0.0010995060
  -0.0053281079    0.0009596870   -0.0015090223
  -0.0003296208   -0.0000458698   -0.0000702811
  -0.0001557719   -0.0002293054   -0.0001277869
  -0.0002733492    0.0001132904   -0.0001677464
  -0.0000744665    0.0001550116    0.0002101397

14   
  0.0086602540378444   0.0000000000000000   0.0050000000000000
   0.0005638648   -0.0003542689    0.0005653494
   0.0010457585   -0.0000152905   -0.0002068489
   0.0016147411    0.0019740073   -0.0032238203
   0.0012120849   -0.0000527220    0.0005994352
   0.0054512485    0.0006829173    0.0025896801
  -0.0008472075   -0.0006513241   -0.0007501964
  -0.0002066246   -0.0015417349    0.0011395265
  -0.0006709392   -0.0039988383   -0.0003543660
   0.0000823069    0.0000026229    0.0000453783
   0.0000889406    0.0004938123    0.0006004458
   0.0001457765    0.0040514369   -0.0006794990
  -0.0025554804   -0.0013691724    0.0031387180
  -0.0025369566   -0.0013598912    0.0028776708
  -0.0309799776   -0.0002678436   -0.0176676050
   0.0005353105   -0.0003138871    0.0006148068
  -0.0008463334    0.0003044154   -0.0007371849
  -0.0008029667    0.0043788481    0.0000972716
  -0.0006817423   -0.0009030060    0.0003436972
  -0.0013049681   -0.0000039527    0.0000426684
  -0.0005369480   -0.0042238083   -0.0003574827
   0.0005705400    0.0006567698    0.0006162536
   0.0015850575    0.0010016720   -0.0040389075
   0.0054438684   -0.0003108326    0.0033968127
   0.0006387466   -0.0002837309   -0.0003518462
   0.0010912188    0.0012133755   -0.0003607015
   0.0011292872    0.0000643715    0.0007428449
   0.0005971718    0.0008719631   -0.0003671776
   0.0001523154    0.0000196451   -0.0006972718
   0.0036519467    0.0007338866    0.0035175591
   0.0024635692   -0.0001035418    0.0015761438
   0.0002935961    0.0002683731   -0.0002736908
   0.0025775723   -0.0000059532    0.0015129241
   0.0005883777   -0.0007677532   -0.0007566051
   0.0000746558    0.0001795004   -0.0000200741
  -0.0001420898   -0.0004657089   -0.0001904728
  -0.0432057962    0.0150150003    0.0002410229
   0.0004404153   -0.0001103792    0.0000704435
   0.0053687025   -0.0010143938    0.0015115141
  -0.0004388444    0.0005122975   -0.0011019109
   0.0001344161   -0.0002112196    0.0003575747
  -0.0010175512   -0.0010285180   -0.0002271731
  -0.0001724504   -0.0000465381   -0.0000690675
   0.0001813847    0.0000189631   -0.0002169924
   0.0003980435    0.0000408378    0.0001958090
   0.0002851773    0.0003837373    0.0000964661
  -0.0003812192   -0.0001249276    0.0003837917
  -0.0010626553   -0.0001131761   -0.0005944621
  -0.0013127556   -0.0466713562    0.0002418095
  -0.0001762815    0.0000423835   -0.0002165023
  -0.0007133230    0.0009842996   -0.0008155195
  -0.0004288903    0.0007634724    0.0011060955
   0.0215368458    0.0154990577   -0.0373920246
  -0.0002344446    0.0006906980    0.0000777114
   0.0213253790    0.0153483728    0.0373539926
  -0.0215865705   -0.0155592019   -0.0372045744
  -0.0001767814   -0.0000404132   -0.0000615661
  -0.0227366499   -0.0163733943    0.0373490830
   0.0003976639    0.0000413747    0.0001964666
  -0.0004823858    0.0006577051   -0.0012155145
   0.0048114523   -0.0009059019    0.0015092365
   0.0000759276    0.0458493793   -0.0002206239
   0.0001642276    0.0004513278   -0.0000496179
   0.0002822476    0.0001133038    0.0003443981
   0.0004267084    0.0001835821   -0.0001486730
   0.0007125820   -0.0008508132   -0.0008709926
   0.0025035565   -0.0001600923    0.0015068839
   0.0002141685    0.0000562633   -0.0006993092
   0.0025890623   -0.0000222025    0.0014930229
   0.0039736182    0.0009585533    0.0039278710
   0.0001227981    0.0001114170   -0.0001034589
   0.0001964867   -0.0002990006    0.0002500652
  -0.0000914553   -0.0005347156   -0.0001180941
   0.0430185494   -0.0153304029   -0.0002196806
  -0.0004064967    0.0006392117    0.0009665679
  -0.0006872521    0.0008635991   -0.0006716561
  -0.0004242333   -0.0000666977    0.0002982141
  -0.0012943740   -0.0006370316    0.0002522979
  -0.0011050015   -0.0000532896   -0.0005211164
   0.0000045818    0.0002690002    0.0000892392
  -0.0002225389    0.0001078013   -0.0001363822
  -0.0002917656    0.0006476705    0.0000718992

14   
 -0.0086602540378444   0.0000000000000000  -0.0050000000000000
  -0.0005579451    0.0003551312    0.0010558324
  -0.0010479143    0.0000077103   -0.0014166136
  -0.0011395563   -0.0006585728    0.0040499895
  -0.0009147439   -0.0000613636   -0.0006204341
  -0.0050044460    0.0006361396   -0.0034087241
   0.0003782015   -0.0006714389   -0.0000642836
  -0.0002543412    0.0002213333   -0.0003275618
   0.0003860529    0.0041234439    0.0003731564
   0.0013324175    0.0000102903    0.0007608696
  -0.0000799606   -0.0001974176   -0.0006196939
   0.0012681041   -0.0040635189   -0.0001202007
   0.0024033417    0.0012455515   -0.0028977153
   0.0024166206    0.0012517875   -0.0031438901
   0.0301185507   -0.0003487960    0.0176737441
   0.0004050322   -0.0010067243   -0.0006120932
   0.0004151184    0.0003031782   -0.0000078753
   0.0003591309   -0.0037531215    0.0006485574
  -0.0007353417    0.0009032768   -0.0011620721
  -0.0001014992    0.0000069603    0.0007665823
   0.0005163897    0.0039141046    0.0003705814
  -0.0015128570    0.0006652387   -0.0006113090
  -0.0011553731   -0.0016112894    0.0032717552
  -0.0049955389   -0.0003093383   -0.0026316020
  -0.0005041510    0.0004024783    0.0001150255
  -0.0002303014   -0.0005926542    0.0003509355
  -0.0009969642    0.0000549134   -0.0004780245
  -0.0005935094   -0.0008720840    0.0003693907
  -0.0001501482   -0.0000114057    0.0007040169
  -0.0041445248   -0.0010798874   -0.0039766572
  -0.0027690873   -0.0001034778   -0.0014392811
  -0.0005063691   -0.0001719487   -0.0000844527
  -0.0026601342    0.0000007242   -0.0015106503
  -0.0007934625    0.0008626982    0.0011116460
  -0.0001921285    0.0001774575   -0.0001715905
   0.0000261207    0.0008232861    0.0003904445
  -0.0435939955    0.0156702272   -0.0002466754
  -0.0004201604   -0.0001165505   -0.0004289010
  -0.0050242488    0.0008047281   -0.0015136197
   0.0004592874   -0.0007336860    0.0014549676
  -0.0000897350    0.0002375042   -0.0004264354
   0.0010537648    0.0010510298    0.0002956155
   0.0000515392   -0.0000431396    0.0000622773
   0.0000448063    0.0003382285    0.0002207471
  -0.0004545739    0.0000396036   -0.0003073810
  -0.0003381517   -0.0003009912    0.0000070468
   0.0006787227   -0.0000987122   -0.0005771125
   0.0013596528   -0.0001095640    0.0007954885
   0.0013157170   -0.0453846151   -0.0002441066
   0.0005884893    0.0000521537    0.0002205235
   0.0007787676   -0.0010765356    0.0007091007
   0.0004951262   -0.0008538731   -0.0010078714
   0.0218566515    0.0151882154   -0.0377693552
   0.0003567371   -0.0006087011   -0.0000797010
   0.0220757602    0.0153399655    0.0378109568
  -0.0218180659   -0.0151255879   -0.0379636920
   0.0000499791   -0.0000409333    0.0000649795
  -0.0206583031   -0.0143086579    0.0378160126
  -0.0004618464    0.0000498885   -0.0002947846
   0.0004210941   -0.0005707090    0.0013286093
  -0.0055680045    0.0009332168   -0.0015111181
  -0.0000752530    0.0462046122    0.0002178176
  -0.0004673956   -0.0002270656   -0.0001519568
  -0.0005826755    0.0001132806   -0.0001474166
  -0.0003632546   -0.0002654903    0.0000505263
  -0.0006543303    0.0007717039    0.0009830457
  -0.0027258074   -0.0001646848   -0.0015142440
  -0.0000951352    0.0000303427    0.0007029646
  -0.0026452558   -0.0000203171   -0.0015364205
  -0.0038440355   -0.0008643456   -0.0035578092
  -0.0001434992    0.0001086853   -0.0002558189
  -0.0001940654    0.0003850496   -0.0002457300
   0.0000727524    0.0007582593    0.0004724589
   0.0437786686   -0.0153525819    0.0002204167
   0.0005195139   -0.0009941309   -0.0011624959
   0.0008003547   -0.0012160279    0.0008642218
   0.0006309378   -0.0000320545   -0.0006571295
   0.0013686438    0.0006057237   -0.0002497708
   0.0013140617   -0.0000450885    0.0008744545
   0.0003167617   -0.0000463745   -0.0002502935
   0.0005442311    0.0001147444    0.0002971811
   0.0003009888   -0.0006494098   -0.0000773754

27   
  0.0086602540378444   0.0000000000000000   0.0050000000000000
  -0.0025250934   -0.0013518724    0.0037990723
  -0.0025146220   -0.0013474615    0.0021769004
  -0.0003702680    0.0047428941    0.0000668053
   0.0002297067    0.0002888937    0.0006043827
  -0.0003802086    0.0006529821   -0.0007526711
  -0.0008319019    0.0034119898   -0.0007376564
  -0.0008419366   -0.0006529821    0.0000470653
  -0.0000631167    0.0004005588    0.0006176694
   0.0058892769   -0.0000000000    0.0034001756
   0.0010624454    0.0001486159    0.0006047229
   0.0020275465    0.0013518724   -0.0040863312
   0.0009898814   -0.0000566260    0.0007304073
   0.0005033590   -0.0004005588   -0.0003634954
   0.0001510529    0.0005630241   -0.0003724968
  -0.0001272789   -0.0047428941   -0.0003540642
  -0.0002470653   -0.0005630241    0.0003170640
  -0.0008662536    0.0003085538    0.0000037346
   0.0044610172   -0.0000000000    0.0025755695
   0.0006279400    0.0013474615   -0.0032661767
   0.0010549281   -0.0001486159    0.0006177432
  -0.0010547801   -0.0034119898   -0.0003516200
  -0.0004298926   -0.0003085538   -0.0007520649
   0.0001839438   -0.0011808586    0.0010703670
   0.0011274920    0.0000566260    0.0004920588
   0.0010189369    0.0011808586   -0.0003758835
   0.0006382642   -0.0002888937   -0.0001032595
  -0.0257374132    0.0000000000   -0.0148595024
  -0.0001294425    0.0000014446   -0.0000723747
  -0.0000570339   -0.0003396243    0.0002976322
  -0.0012240106   -0.0011653025   -0.0001748627
   0.0001984912    0.0003831098   -0.0001449503
   0.0000229779   -0.0001465208   -0.0002260011
   0.0003221174    0.0000496115    0.0004234832
  -0.0005211585    0.0008226635   -0.0013922382
   0.0003672932    0.0001773878    0.0003452365
  -0.0390691567    0.0147032750    0.0014537594
  -0.0004661662    0.0007102723    0.0008907286
  -0.0003903892   -0.0000443892   -0.0002257005
  -0.0007392722    0.0009372379   -0.0006129209
  -0.0003695531    0.0000145440   -0.0002617895
  -0.0001430731    0.0001747318    0.0002027325
  -0.0003711612    0.0006083343    0.0000657583
  -0.0012348133   -0.0004643642    0.0002453816
  -0.0005770897    0.0000258805    0.0004224370
  -0.0012621331    0.0000426656   -0.0006590202
   0.0008383672   -0.0009383424   -0.0010482752
   0.0005256382    0.0001148285    0.0000005552
   0.0025195781   -0.0460511812    0.0014560706
   0.0003840614   -0.0002856111    0.0002457734
   0.0001488396   -0.0000447707    0.0000128223
  -0.0000640158   -0.0006965761   -0.0002494042
   0.0242287148    0.0153515299   -0.0361452571
   0.0002030258    0.0000587317   -0.0007119339
   0.0249641589    0.0158692308    0.0403274092
  -0.0182755857   -0.0147032750   -0.0345617619
   0.0000772963   -0.0000258805   -0.0007109929
  -0.0191883535   -0.0153515299    0.0390553111
  -0.0001286322   -0.0006083343   -0.0003543142
   0.0000855242    0.0000447707    0.0001224877
  -0.0000262850   -0.0003831098    0.0002443735
   0.0025207832    0.0460511812    0.0014539833
   0.0002292401    0.0003396243   -0.0001982089
   0.0005383105   -0.0007102723   -0.0008490761
  -0.0012017948   -0.0000426656   -0.0007635292
  -0.0005150399   -0.0000587317    0.0005317925
  -0.0014662929   -0.0008226635    0.0002447826
  -0.0002479983    0.0006965761    0.0000692628
  -0.0001842338    0.0001465208    0.0001329000
  -0.0004114930   -0.0000145440   -0.0001891476
  -0.0007634408    0.0011653025   -0.0009725930
  -0.0003906569    0.0000443892   -0.0002252367
  -0.0004886494    0.0009383424    0.0012501849
   0.0474066403   -0.0158692308    0.0014558912
   0.0004826302   -0.0001773878    0.0001454670
  -0.0004049000    0.0004643642   -0.0011920705
   0.0005278059   -0.0000496115    0.0000672203
   0.0001040349   -0.0001747318   -0.0002252712
   0.0004048767    0.0002856111    0.0002097203
  -0.0009004411   -0.0009372379   -0.0003337680
   0.0002632999   -0.0001148285    0.0004549384
  -0.0001273995   -0.0000014446   -0.0000759131

28   
  0.0086602540378444   0.0000000000000000   0.0050000000000000
  -0.0006714992   -0.0007577726   -0.0001346992
  -0.0003020897   -0.0004977688    0.0002303717
  -0.0002412495    0.0004591572   -0.0008799135
   0.0051401094   -0.0009048506    0.0014900287
   0.0006361020    0.0006575612   -0.0001699804
   0.0000494116    0.0004964271   -0.0003784464
   0.0001710386   -0.0006578368    0.0006355331
  -0.0000928444   -0.0001007079   -0.0002180591
   0.0009703454   -0.0002648174    0.0001277842
   0.0025787605    0.0001514977    0.0014838938
   0.0014556791    0.0004974918   -0.0011848826
   0.0025059137   -0.0000545444    0.0016100683
   0.0038757199    0.0009231318    0.0037451159
  -0.0003100408   -0.0002940991   -0.0007138007
   0.0006364999   -0.0018194969    0.0002339775
  -0.0003257842   -0.0003386281   -0.0006865323
  -0.0001180954    0.0003082954    0.0004352618
  -0.0008025977    0.0002623051   -0.0000350375
  -0.0018578640    0.0007638849    0.0002950425
  -0.0003957762   -0.0001485099   -0.0002195293
  -0.0018231473    0.0008620783    0.0002349115
  -0.0010179018   -0.0003081470   -0.0010908878
  -0.0003398732   -0.0003264605    0.0008377398
  -0.0003231780    0.0000568290   -0.0003452732
   0.0001125019    0.0009530496    0.0000542031
  -0.0001017671    0.0002151173    0.0002925299
  -0.0001481031   -0.0000008493   -0.0000868943
  -0.0226938591   -0.0001467786   -0.0133419941
  -0.0007238855   -0.0001389031    0.0006487924
  -0.0004934152    0.0000225340    0.0004219667
  -0.0003504681    0.0009172807    0.0000020146
  -0.0001619117    0.0001329773    0.0001236713
  -0.0006278714    0.0000475846   -0.0001239126
  -0.0002999906    0.0005696211    0.0000869455
  -0.0005814282    0.0001789456   -0.0002043545
  -0.0435073801    0.0154578842    0.0001236216
   0.0010492956   -0.0002736304    0.0001589745
   0.0002134983   -0.0000416712    0.0001250013
   0.0001364695   -0.0002470342   -0.0002806997
   0.0002336440    0.0000153094    0.0000901079
   0.0000669468   -0.0001054865   -0.0001336070
   0.0004131045    0.0002558225    0.0000246955
   0.0001491466   -0.0002111780   -0.0003026571
   0.0002307869   -0.0002598497    0.0003404790
   0.0000196510    0.0000429477    0.0000814788
   0.0009586946    0.0000464032    0.0006292787
   0.0004978343   -0.0000880483   -0.0007459889
   0.0002153316   -0.0460231705    0.0001217336
   0.0002410198   -0.0008144293   -0.0003011732
   0.0000787440   -0.0000451387   -0.0000282484
   0.0002919276   -0.0003423277    0.0004461313
   0.0219101151    0.0153389436   -0.0374547336
   0.0005334348    0.0003407579    0.0000278285
   0.0217393857    0.0152267809    0.0374164692
  -0.0217216530   -0.0151554605   -0.0372897656
   0.0040901620    0.0040331860   -0.0007746047
  -0.0219806313   -0.0153382148    0.0374118595
   0.0012835971   -0.0039049783    0.0040865083
  -0.0016501702    0.0000363498   -0.0008933672
  -0.0003380172    0.0000227404    0.0002363613
  -0.0002868154    0.0460211626   -0.0001629319
  -0.0002241692    0.0003447509    0.0000391709
  -0.0003018667    0.0001687045    0.0001012105
  -0.0013375358   -0.0000305148   -0.0008220572
   0.0014407230   -0.0041662913    0.0040848458
  -0.0000863405   -0.0001632502    0.0002370404
   0.0043438045    0.0040448631   -0.0009434388
   0.0006770219    0.0004896204    0.0011904255
  -0.0000334030   -0.0000140546    0.0000308016
   0.0000734341    0.0002886607   -0.0000396974
  -0.0000123188    0.0000455806   -0.0000057174
  -0.0000841128    0.0000560543    0.0000429738
   0.0436312221   -0.0155286115   -0.0001676185
   0.0004697558   -0.0001793055    0.0001378545
   0.0002773114   -0.0001940515    0.0000033189
   0.0005157838   -0.0000491188    0.0000581317
   0.0014325475   -0.0005098570   -0.0000055112
   0.0002445890   -0.0001205174   -0.0000551044
   0.0003235277   -0.0000633321   -0.0000767300
   0.0002447293   -0.0001201204   -0.0000553475
   0.0002097337   -0.0000024787    0.0001170421

29   
  0.0086602540378444   0.0000000000000000   0.0050000000000000
  -0.0001314157    0.0000075945    0.0007549941
  -0.0006676376   -0.0007537023   -0.0017316867
   0.0006365389    0.0006688184    0.0006329886
  -0.0003418402   -0.0002586962   -0.0012989118
   0.0052369516   -0.0002220608    0.0011047789
  -0.0001950946   -0.0008160558   -0.0006518767
   0.0000500026    0.0004755821    0.0004377341
   0.0002664398    0.0000555853    0.0002516825
   0.0014709559    0.0004998515   -0.0003722701
   0.0002613933   -0.0001199939   -0.0002901112
   0.0032587246    0.0000199446    0.0010881667
   0.0000445085   -0.0000441288   -0.0006095595
   0.0025043462   -0.0000566258    0.0013703710
   0.0035153563    0.0006686118    0.0038798803
   0.0005790945   -0.0006628011    0.0000581053
  -0.0000426773   -0.0008521062   -0.0001369425
  -0.0003336937   -0.0003390512    0.0000619955
  -0.0011030344   -0.0000021253   -0.0006502622
  -0.0008174015    0.0002736417    0.0007803500
  -0.0011491989    0.0006180830   -0.0000927898
  -0.0010134953    0.0006473334    0.0004612623
  -0.0011378593   -0.0001049031   -0.0001385097
  -0.0010203860   -0.0003148638   -0.0003401682
  -0.0000964698    0.0002178004    0.0000451072
   0.0000276120    0.0003047645   -0.0002425424
  -0.0002463423    0.0006975971    0.0001980691
  -0.0003117088   -0.0005121232    0.0010640815
  -0.0003320763    0.0001364008    0.0003460084
  -0.0228390044   -0.0002536197   -0.0134252177
  -0.0007220261   -0.0001381827    0.0008139422
  -0.0006311826    0.0000481538   -0.0004842123
  -0.0002929976    0.0008864154    0.0001788960
  -0.0002238980    0.0001679853    0.0003083763
  -0.0001798448    0.0002997478    0.0000254017
  -0.0002950261    0.0005649206    0.0002763103
  -0.0439238594    0.0153356999   -0.0002945916
   0.0001333953   -0.0002483838   -0.0006405126
   0.0010376962   -0.0002077467    0.0003353680
   0.0002241061   -0.0001121121    0.0003077649
   0.0004990762    0.0003173429   -0.0000117503
   0.0002379519    0.0000182867    0.0001603617
  -0.0000166101   -0.0001618531   -0.0001714812
   0.0001656570    0.0001799103    0.0000355795
   0.0000036012   -0.0003516494   -0.0003625716
   0.0002318277   -0.0002606500    0.0004456992
   0.0003653897   -0.0001141925    0.0000270416
   0.0009563307    0.0000525888    0.0008158849
   0.0003395232   -0.0459932586   -0.0008326044
   0.0004711733   -0.0002489305    0.0004008810
   0.0000632589   -0.0009011354   -0.0003621752
   0.0000782536   -0.0000410803    0.0000768198
   0.0217630198    0.0152377652   -0.0377737688
   0.0002719788    0.0000396619    0.0001169711
   0.0221634592    0.0156331475    0.0376140314
  -0.0219953251   -0.0153540686   -0.0377526866
  -0.0000818007    0.0001452173    0.0002846449
  -0.0175263729   -0.0112627746    0.0367689008
  -0.0001584666    0.0001140133    0.0001921219
   0.0012863862   -0.0038984669    0.0041859087
  -0.0018260699   -0.0000511410   -0.0009490608
  -0.0001528226    0.0460911713    0.0000128455
  -0.0004416776    0.0001151322   -0.0002720655
  -0.0002244291    0.0003412258    0.0002348771
   0.0000585286   -0.0000254455    0.0001909772
  -0.0013330952   -0.0000298141   -0.0007197871
   0.0012935317   -0.0043069723    0.0040282855
   0.0000458023    0.0000440189   -0.0000001171
   0.0042609275    0.0039867277   -0.0009864467
   0.0006730362    0.0004873212    0.0012645980
  -0.0000855174    0.0000542662   -0.0003158708
   0.0000880232    0.0002242137    0.0001411612
  -0.0000225985    0.0001141605    0.0001722326
   0.0436113534   -0.0153632427   -0.0000849435
   0.0002963973   -0.0003698217   -0.0002723682
   0.0004660585   -0.0001799069    0.0003333231
   0.0002414418   -0.0001188448   -0.0004111905
   0.0004621423   -0.0000127105    0.0002371656
   0.0014923797   -0.0005401239    0.0001700185
   0.0003680937    0.0001100835    0.0000408881
   0.0003296225   -0.0000598748    0.0000850103
   0.0000816081   -0.0002355465   -0.0001388109

29   
 -0.0086602540378444   0.0000000000000000  -0.0050000000000000
   0.0001383071   -0.0000017891    0.0008709305
   0.0006583408    0.0007532743    0.0001083770
  -0.0001654835    0.0006502491    0.0001855067
   0.0006125441    0.0001440068    0.0012701830
  -0.0051099022    0.0016732163   -0.0018887783
  -0.0002782988   -0.0005047303   -0.0001654300
  -0.0005185669   -0.0017960416    0.0003688274
  -0.0005390027    0.0000622528   -0.0002219233
  -0.0000632502   -0.0004918089    0.0011898666
  -0.0002848756    0.0004134106    0.0002505623
  -0.0018683012   -0.0000141412   -0.0018868788
  -0.0002073084   -0.0000710537    0.0008229249
  -0.0026664712   -0.0000461604   -0.0016344930
  -0.0042374114   -0.0011520173   -0.0035652591
   0.0003522751   -0.0006539112   -0.0000577622
  -0.0003880385    0.0014748771   -0.0006090458
  -0.0001136700    0.0009498422    0.0006840438
  -0.0003006776   -0.0000005124   -0.0001714890
  -0.0005702698   -0.0002766304    0.0000264643
   0.0011671904   -0.0009100037    0.0001270587
   0.0000872738    0.0006710903   -0.0004660828
   0.0015809525   -0.0005087425   -0.0006061811
   0.0014517250   -0.0003097762    0.0010890952
   0.0002605019   -0.0000992708   -0.0002660689
   0.0008440149    0.0003085559    0.0002299688
   0.0004051541   -0.0005927743    0.0000722779
   0.0003144914    0.0005114092   -0.0010622228
   0.0003446505   -0.0001383663   -0.0003286730
   0.0227276744   -0.0002771169    0.0128969685
   0.0004036814   -0.0000865167   -0.0006460021
   0.0004268487    0.0000413844    0.0001289018
   0.0001998273   -0.0008475811   -0.0001833419
   0.0000240189   -0.0000695111    0.0000543422
   0.0000711163    0.0000572819   -0.0002147186
   0.0001896913   -0.0002048499   -0.0000717096
  -0.0428673021    0.0153493888    0.0002897544
  -0.0001173847    0.0000232964    0.0002836707
  -0.0010320410    0.0001103722   -0.0003359456
  -0.0001995288   -0.0001116710    0.0000564889
  -0.0004560629   -0.0002841263   -0.0000710675
  -0.0001911968    0.0000120478   -0.0000851265
  -0.0001088304    0.0000719798    0.0001625155
   0.0000616208    0.0001804387   -0.0000262977
  -0.0000735812    0.0004360531    0.0002461307
  -0.0002912555    0.0003422723   -0.0003447470
  -0.0000665425   -0.0001083477   -0.0002190824
  -0.0006583987   -0.0002771417   -0.0006171561
  -0.0003490532   -0.0460686227    0.0008317935
  -0.0000597213    0.0003482933   -0.0003947470
  -0.0000069596    0.0008176154    0.0002504895
  -0.0000220902   -0.0000428415    0.0000176261
   0.0216301911    0.0154459584   -0.0373905118
  -0.0001551660    0.0000420568   -0.0001202607
   0.0212352643    0.0150596928    0.0375554246
  -0.0214058250   -0.0153321331   -0.0374173184
  -0.0000329162   -0.0002274870   -0.0002800363
  -0.0259009962   -0.0194816997    0.0384149580
   0.0001015178   -0.0000304672   -0.0002914128
  -0.0013490998    0.0040385834   -0.0041188248
   0.0014248240   -0.0000602538    0.0009224181
   0.0001528255    0.0459668096   -0.0000134936
   0.0001405110    0.0001072288    0.0000707290
  -0.0000740846   -0.0001168322   -0.0000439466
   0.0000035691   -0.0000572443   -0.0002869986
   0.0013796035   -0.0000278914    0.0008599265
  -0.0015170511    0.0038991536   -0.0039875578
   0.0000766448    0.0000423766    0.0000154068
  -0.0042607018   -0.0039655456    0.0008904205
  -0.0007088931   -0.0005149731   -0.0011707518
   0.0000607167    0.0001668417   -0.0000458694
  -0.0000889439   -0.0001225933   -0.0001396583
   0.0000021853    0.0001192807    0.0001828319
   0.0431807790   -0.0153222621    0.0000897229
  -0.0001873570    0.0000119911    0.0000685829
  -0.0003546718   -0.0001778141   -0.0001393455
  -0.0000407422    0.0000210243    0.0000492177
  -0.0003719915   -0.0000183861   -0.0002360876
  -0.0013000292    0.0004469283    0.0001869641
  -0.0000529659    0.0001153465   -0.0002040242
  -0.0000125887    0.0002871113    0.0000745864
  -0.0000850316    0.0002286479    0.0001303702

29   
  0.0000000000000000   0.0000000000000000   0.0100000000000000
  -0.0000017543   -0.0000012405    0.0006542637
  -0.0003857152   -0.0002727418   -0.0007145616
   0.0011208686    0.0008685450   -0.0006437439
  -0.0007401506   -0.0002544408   -0.0010727107
   0.0002409394    0.0006613492    0.0025797404
  -0.0002349635   -0.0006571793   -0.0008734055
  -0.0003477922    0.0005023097    0.0006608023
  -0.0000200003   -0.0011005622    0.0002802511
   0.0011924950    0.0007672500   -0.0006437439
  -0.0004866060   -0.0006130071   -0.0010727107
   0.0007038391    0.0000067102    0.0025797404
  -0.0000805204   -0.0000569365   -0.0013206328
  -0.0012768887   -0.0009028967    0.0049497527
   0.0009505809    0.0006721622    0.0053691708
   0.0006737803   -0.0000190958   -0.0002487371
  -0.0002192532    0.0003132127    0.0000912681
  -0.0004398371   -0.0003429310    0.0001248562
  -0.0006979158   -0.0000024659   -0.0008734055
   0.0003576514   -0.0004953382    0.0006608023
  -0.0010442868    0.0003479976    0.0002802511
   0.0002065898    0.0006416114   -0.0002487371
   0.0002222154   -0.0003111181    0.0000912681
  -0.0004699308   -0.0003003721    0.0001248562
   0.0003086215    0.0002182283   -0.0001883388
   0.0002139330    0.0001512735   -0.0000844240
   0.0000808571    0.0000571746    0.0002576866
   0.0003640800    0.0002574435    0.0001088457
   0.0002288765    0.0001618401    0.0010729891
  -0.0003708209   -0.0002622100   -0.0264079816
  -0.0003852330   -0.0002724008    0.0011479337
  -0.0003825206   -0.0008170530   -0.0002977684
   0.0002401433    0.0008829942   -0.0001287698
  -0.0000982048    0.0000494879    0.0004274392
  -0.0000561886    0.0001777254    0.0001516640
   0.0002270505    0.0005690517   -0.0000191465
  -0.0436834962    0.0149583227   -0.0001270511
  -0.0008978318   -0.0000882929   -0.0002977684
   0.0009125427   -0.0000679221   -0.0001287698
   0.0000139227   -0.0001090844    0.0004274392
   0.0000224949    0.0000159063    0.0000211429
   0.0001903225    0.0001345783   -0.0000061320
  -0.0002308297   -0.0001632213   -0.0000488982
  -0.0000978352    0.0004767479    0.0004292171
  -0.0000347767    0.0000414335   -0.0006643757
   0.0001803670   -0.0002592220    0.0004757656
   0.0001488316   -0.0001122169    0.0001516640
   0.0006121906    0.0000243814   -0.0000191465
  -0.0004583235   -0.0461713028   -0.0001270511
   0.0004168705   -0.0002511559    0.0004292171
   0.0000274717   -0.0000465990   -0.0006643757
  -0.0001842745    0.0002564589    0.0004757656
   0.0215287699    0.0152231392   -0.0376156508
   0.0002272838    0.0001607139   -0.0000457847
   0.0216965117    0.0153417505    0.0376236754
  -0.0219597421   -0.0155278826   -0.0374763988
   0.0002044254    0.0001445506    0.0001234403
  -0.0216703814   -0.0153232736    0.0360237210
  -0.0000301852    0.0000426012    0.0004280101
   0.0028982401   -0.0039046060    0.0032613556
  -0.0031694029    0.0039477308    0.0032301429
  -0.0000750664    0.0458517300    0.0001476529
  -0.0001495652    0.0001114098   -0.0004332472
  -0.0000707487    0.0002898068    0.0002412652
   0.0000301031   -0.0000426593    0.0004280101
  -0.0027152178    0.0040340223    0.0032613556
   0.0026654887   -0.0043040520    0.0032301429
  -0.0006431989   -0.0004548103    0.0012079911
  -0.0000401408   -0.0000283839   -0.0019166343
   0.0006885448    0.0004868747    0.0012593365
  -0.0001731582   -0.0001208336   -0.0001756293
   0.0001585088    0.0002818890    0.0000075163
  -0.0000114865    0.0001174436    0.0001637440
   0.0432044035   -0.0153546833    0.0001476529
   0.0000551831   -0.0001781481   -0.0004332472
   0.0002496495   -0.0001633048    0.0002412652
  -0.0001716424   -0.0001229773   -0.0001756293
   0.0003186037    0.0000554805    0.0000075163
   0.0001068980   -0.0000499775    0.0001637440
   0.0001573895    0.0001112912    0.0001630297
   0.0002418005    0.0001709788   -0.0000492184
  -0.0000834531   -0.0000590103   -0.0001405349

29   
  0.0000000000000000   0.0000000000000000  -0.0100000000000000
   0.0000086646    0.0000061268    0.0009719302
   0.0003747607    0.0002649958   -0.0009194734
  -0.0006429043    0.0004555926    0.0014622228
   0.0010198639    0.0001393375    0.0010408601
   0.0002341070    0.0006637350   -0.0033866099
  -0.0002376160   -0.0006692181    0.0000544699
  -0.0001175042   -0.0018224516    0.0001446606
  -0.0002550132    0.0012148680   -0.0002468298
   0.0002152354   -0.0007580002    0.0014622228
   0.0004713233    0.0009150910    0.0010408601
   0.0007038110   -0.0000005268   -0.0033866099
  -0.0000836126   -0.0000591231    0.0015434301
   0.0013058119    0.0009233484   -0.0055047527
  -0.0016348205   -0.0011559927   -0.0050772413
   0.0002566603   -0.0013054374    0.0002516913
  -0.0002161436    0.0003154844   -0.0008401737
  -0.0000081343    0.0009539123    0.0006232441
  -0.0007101502   -0.0000009538    0.0000544699
  -0.0017573919    0.0004966998    0.0001446606
   0.0010603841   -0.0006453848   -0.0002468298
  -0.0011452247    0.0006771275    0.0002516913
   0.0002253936   -0.0003089436   -0.0008401737
   0.0008966457   -0.0003256398    0.0006232441
  -0.0001428747   -0.0001010277   -0.0000340824
   0.0006590609    0.0004660265    0.0000725052
   0.0000789235    0.0000558073    0.0000166387
  -0.0003652242   -0.0002582525   -0.0000986495
  -0.0002220601   -0.0001570202   -0.0010575864
  -0.0003795179   -0.0002683597    0.0262466268
   0.0000655584    0.0000463568   -0.0009830059
   0.0001752371    0.0009180450   -0.0000573063
  -0.0003185719   -0.0008506382    0.0001212266
  -0.0001025959    0.0000530435   -0.0000653597
  -0.0000559248    0.0001775978   -0.0003437511
  -0.0003364221   -0.0002105780    0.0002279751
  -0.0431085771    0.0157220288    0.0001219892
   0.0009239535   -0.0001407999   -0.0000573063
  -0.0009081801   -0.0000168064    0.0001212266
   0.0000158113   -0.0001144096   -0.0000653597
   0.0000202034    0.0000142859   -0.0000932781
  -0.0001484514   -0.0001049710    0.0000764037
   0.0001054575    0.0000745697    0.0000388044
   0.0003310367   -0.0001203755   -0.0004239303
  -0.0000338767    0.0000413782    0.0005508180
  -0.0002411019    0.0003411288   -0.0003741379
   0.0001487992   -0.0001119256   -0.0003437511
  -0.0003106756   -0.0002469892    0.0002279751
   0.0004533452   -0.0458838325    0.0001219892
  -0.0000031455    0.0003522296   -0.0004239303
   0.0000277195   -0.0000457320    0.0005508180
   0.0002412521   -0.0003410226   -0.0003741379
   0.0218587348    0.0154564596   -0.0375436778
  -0.0001088034   -0.0000769356    0.0000430330
   0.0217019521    0.0153455975    0.0375301440
  -0.0214418580   -0.0151616832   -0.0376978950
  -0.0003231704   -0.0002285160   -0.0001196357
  -0.0216886266   -0.0153361750    0.0391439895
  -0.0000293325    0.0000461866   -0.0005282337
  -0.0029882170    0.0040462313   -0.0031763616
   0.0027202652   -0.0039954285   -0.0032077990
   0.0000745888    0.0462095441   -0.0001473825
  -0.0001510503    0.0001124238    0.0002290627
  -0.0002294120   -0.0000623413   -0.0000458045
   0.0000337676   -0.0000430505   -0.0005282337
   0.0028187511   -0.0041660618   -0.0031763616
  -0.0028601710    0.0038965001   -0.0032077990
   0.0007737995    0.0005471589   -0.0012098889
  -0.0000301353   -0.0000213089    0.0018448522
  -0.0007202472   -0.0005092917   -0.0011689923
   0.0001459091    0.0003440769   -0.0001871316
  -0.0001553269   -0.0001909784   -0.0000050795
  -0.0000110280    0.0001166947    0.0001932928
   0.0435916389   -0.0153328584   -0.0001473825
   0.0000556441   -0.0001798862    0.0002290627
  -0.0001352466   -0.0001955113   -0.0000458045
   0.0003730352    0.0000228721   -0.0001871316
  -0.0002318318   -0.0000827841   -0.0000050795
   0.0001063448   -0.0000492956    0.0001932928
   0.0001611205    0.0001139294   -0.0003258864
   0.0000809760    0.0000572587    0.0002098903
   0.0000746251    0.0000527679    0.0001245530

32   
  0.0086602540378444   0.0000000000000000   0.0050000000000000
   0.0002881617    0.0011600152    0.0008387489
   0.0004005558   -0.0000004421   -0.0005869468
  -0.0000645758    0.0001623231    0.0014497080
  -0.0000051548   -0.0000582860   -0.0000981568
  -0.0004474614   -0.0001004422   -0.0013426717
   0.0001645680   -0.0006679165   -0.0001782039
  -0.0007131315   -0.0008518708   -0.0008825176
   0.0048651356   -0.0007889403    0.0015205532
   0.0008060566    0.0000048214    0.0004732503
   0.0001609504   -0.0010118806    0.0002166274
   0.0005937454   -0.0006519334   -0.0007173473
   0.0006736654    0.0004382963   -0.0006714210
   0.0001945967   -0.0003244537   -0.0004174803
   0.0021527573   -0.0003042302    0.0015064575
   0.0005950319   -0.0006482948   -0.0007195755
   0.0023722567    0.0003166079    0.0011262733
   0.0037344249    0.0012844263    0.0042535306
  -0.0008861784    0.0001584448   -0.0002528961
  -0.0011008472   -0.0000033929    0.0001713136
  -0.0003131338    0.0004981040    0.0000744333
  -0.0008663193    0.0006599523   -0.0002349007
   0.0001246072   -0.0000433552    0.0000011432
  -0.0009417371    0.0004542912    0.0002612399
  -0.0004742662    0.0000423526    0.0003535229
  -0.0009235223    0.0005058102    0.0002296911
  -0.0011607184    0.0000557134   -0.0005791614
   0.0000466242   -0.0001602810   -0.0002348193
  -0.0001188325    0.0001229415    0.0001321547
  -0.0004053684    0.0002791067    0.0001030688
  -0.0006838078   -0.0001114917   -0.0002254718
  -0.0004396258    0.0001822122    0.0001624043
  -0.0227379139   -0.0001346621   -0.0133476430
  -0.0006636394    0.0000255325    0.0009099415
  -0.0005823702    0.0001754171   -0.0004011668
  -0.0003023915    0.0010472959    0.0002842418
  -0.0435198636    0.0154599554    0.0001197965
   0.0000608831   -0.0001107468   -0.0001456979
   0.0000305411   -0.0004363718   -0.0003071025
   0.0002779358   -0.0004135742    0.0005779598
   0.0001425057   -0.0001196881   -0.0005010308
   0.0010588824   -0.0001441755    0.0003759084
   0.0001509776   -0.0000436672    0.0001198078
   0.0005934165    0.0004787401    0.0000315312
   0.0001809851    0.0000412068    0.0000678333
   0.0000141182   -0.0000767728   -0.0001172184
   0.0001948951   -0.0002306525   -0.0002641312
   0.0003649423   -0.0001117925    0.0002270687
   0.0004733412   -0.0457220157    0.0000246411
   0.0004223672    0.0000506295    0.0001276060
   0.0008374190    0.0001128362    0.0006677448
   0.0003770167   -0.0000203633   -0.0007985393
   0.0219551292    0.0150376561   -0.0371829071
   0.0000932615   -0.0008229443   -0.0003070609
   0.0217536260    0.0153462647    0.0376198072
  -0.0218496471   -0.0152859062   -0.0375766799
  -0.0003464200   -0.0000420505   -0.0001638635
  -0.0217734297   -0.0151133915    0.0377300742
  -0.0003161638    0.0000435268   -0.0002162687
  -0.0000512591    0.0002303477    0.0003465618
   0.0039426372    0.0040250453   -0.0007816728
  -0.0001282694    0.0461083670    0.0002395569
   0.0011624570   -0.0038384919    0.0040337407
  -0.0017704391    0.0001033576   -0.0008533813
  -0.0000410301   -0.0000985219   -0.0001845744
   0.0001174676    0.0001363885    0.0001979558
  -0.0001295384   -0.0001751022   -0.0000115956
   0.0000907404    0.0000607927    0.0002442486
  -0.0013914017   -0.0000039629   -0.0008097975
   0.0013878664   -0.0041391129    0.0040665598
  -0.0000287521    0.0001099647   -0.0001861626
   0.0042816665    0.0040457900   -0.0009456491
   0.0006849456    0.0006161219    0.0014015764
   0.0436094351   -0.0153459894    0.0001180234
   0.0002186354   -0.0003539780   -0.0000963412
   0.0001404213   -0.0004112521   -0.0000367598
   0.0003212517   -0.0000637353   -0.0002740778
   0.0002812587   -0.0002001337   -0.0001644321
   0.0005178721   -0.0000481540    0.0004167191
   0.0003002722    0.0000408745   -0.0003136297
   0.0005745566    0.0001121738    0.0003185388
   0.0013903446   -0.0004992834   -0.0000126105

32   
 -0.0086602540378444   0.0000000000000000  -0.0050000000000000
  -0.0002812959   -0.0011579521    0.0007859283
  -0.0004070032   -0.0000018823   -0.0010373007
   0.0005383286    0.0011602959   -0.0006337030
   0.0002756887   -0.0000559566    0.0000677922
   0.0009112056    0.0014214907    0.0005385773
  -0.0006377249   -0.0006544619   -0.0006376789
   0.0002447148   -0.0004636301    0.0016929733
  -0.0054709441    0.0010359027   -0.0014670290
   0.0005975161    0.0000006378    0.0003460175
  -0.0001775582    0.0013013390   -0.0002467109
   0.0008037084    0.0006450993   -0.0000908927
  -0.0008326416   -0.0005515165    0.0008879267
  -0.0003536575    0.0002116341    0.0001414128
  -0.0030271366   -0.0003049961   -0.0014860201
   0.0003394158   -0.0006681185    0.0007132857
  -0.0028078143    0.0003153408   -0.0018658974
  -0.0040300427   -0.0005368931   -0.0032034890
  -0.0005144015   -0.0001635212   -0.0005640188
  -0.0002951565   -0.0000016973    0.0006356838
   0.0003343841   -0.0007962780   -0.0000429938
  -0.0000616575    0.0006587376    0.0002312517
   0.0003296052   -0.0005754436   -0.0007493978
   0.0013725928   -0.0010757097    0.0004881717
   0.0006416112    0.0000726915   -0.0005751269
   0.0017918448    0.0001101139   -0.0002379941
   0.0013181819    0.0000547513    0.0008504612
  -0.0000447531    0.0001574354    0.0002312527
   0.0001221966   -0.0001123405   -0.0001129010
   0.0000905033   -0.0005014833   -0.0002602958
   0.0003707003   -0.0001109626    0.0003847949
   0.0002366800   -0.0000880332   -0.0005134812
   0.0228600906   -0.0001344729    0.0129786861
   0.0004603531    0.0000704425   -0.0005458767
   0.0004723059    0.0001764214    0.0002088088
   0.0001928397   -0.0006861998   -0.0000825297
  -0.0432732386    0.0152223385   -0.0001258413
  -0.0000413164   -0.0001109806   -0.0002050846
  -0.0000367751    0.0003441599    0.0003044120
  -0.0002497591    0.0001886175   -0.0002153922
  -0.0001050083    0.0001511673    0.0004225953
  -0.0010099602    0.0001750079   -0.0002973141
  -0.0002793676   -0.0000467906   -0.0001277802
  -0.0003592261   -0.0001210019   -0.0000257898
  -0.0002476360    0.0000429599   -0.0001827410
  -0.0000781543    0.0001613562    0.0002183712
   0.0001036194    0.0000071443    0.0000714912
  -0.0000649970   -0.0001095972   -0.0000230801
  -0.0004840766   -0.0463536275   -0.0000409672
  -0.0000091622    0.0000483275   -0.0001197888
  -0.0007843502   -0.0002048138   -0.0007873044
  -0.0003195234   -0.0000707531    0.0009041723
   0.0214360862    0.0156459555   -0.0380078028
   0.0000280959    0.0009124627    0.0003020780
   0.0216496585    0.0153416305    0.0375522139
  -0.0215580965   -0.0153975909   -0.0375907335
   0.0002275944   -0.0000428214    0.0001673253
  -0.0216389872   -0.0155728553    0.0374515037
   0.0002581509    0.0000436053    0.0001144000
  -0.0000029307   -0.0001409476   -0.0002318585
  -0.0044003423   -0.0041746367    0.0007920575
   0.0001199430    0.0459706929   -0.0002360688
  -0.0014703620    0.0041125991   -0.0042828172
   0.0014845669    0.0001025387    0.0010245601
   0.0001049846    0.0000141354    0.0000836960
  -0.0000506592   -0.0002184635   -0.0000827384
  -0.0000995435   -0.0001741065    0.0000056121
   0.0000368842    0.0000291465   -0.0002343680
   0.0013314382   -0.0000047173    0.0007610028
  -0.0014226899    0.0040578885   -0.0039420061
   0.0000007418    0.0001095430   -0.0001680870
  -0.0042364410   -0.0039006015    0.0009315538
  -0.0006979957   -0.0003862954   -0.0010338057
   0.0432085182   -0.0153496375   -0.0001194035
  -0.0001098453   -0.0000018536   -0.0001059622
  -0.0000305420    0.0000561378    0.0002297869
  -0.0001212526   -0.0000341183   -0.0000862042
  -0.0001988321    0.0001745055    0.0001701705
  -0.0003113459   -0.0000482100   -0.0000600228
   0.0000144185    0.0001833053    0.0001519131
  -0.0002540555    0.0001138314   -0.0001592525
  -0.0014209081    0.0005045789    0.0000036121

36   
  0.0086602540378444   0.0000000000000000   0.0050000000000000
   0.0004252421   -0.0000019059    0.0010782898
  -0.0004515331   -0.0002005768   -0.0020667312
   0.0006665423    0.0006805942    0.0006603456
   0.0001837448   -0.0002126477   -0.0002411671
   0.0005429925    0.0017818233   -0.0003978270
  -0.0008783387   -0.0014077653   -0.0013274823
  -0.0005023086   -0.0011747346    0.0014126875
  -0.0002749434    0.0000613783   -0.0000585084
   0.0046285044    0.0009370387    0.0042024460
   0.0000941538    0.0001603202   -0.0007246633
   0.0031461164   -0.0000541670    0.0012273251
  -0.0002063064   -0.0006895097   -0.0002042509
   0.0000058622   -0.0000427420   -0.0000664128
  -0.0002670825   -0.0014873041    0.0002351577
   0.0030015964   -0.0004629310    0.0014776409
   0.0005464373    0.0008136774   -0.0011739000
   0.0000509639    0.0000576067    0.0001234953
  -0.0019698343   -0.0000540358   -0.0012255245
  -0.0013166424   -0.0000537486    0.0009607843
  -0.0013705866    0.0000494028    0.0002556320
  -0.0007945101    0.0014230645    0.0000564247
   0.0000423154   -0.0001363263   -0.0001981890
  -0.0001818588   -0.0003085728    0.0001238113
  -0.0010916496    0.0008383558   -0.0002275010
   0.0000296549    0.0002896782   -0.0002425411
  -0.0000456966    0.0003352092    0.0005210113
   0.0039935477   -0.0005198437    0.0014567746
  -0.0001147118    0.0001208635    0.0001311403
  -0.0006782755   -0.0000962855   -0.0003883064
  -0.0004108552    0.0007634424    0.0002698460
  -0.0006319345    0.0000347865   -0.0004685712
  -0.0001652649    0.0001320081    0.0001201527
  -0.0003481715    0.0004210622    0.0003516307
  -0.0006243717    0.0001595265    0.0006396674
  -0.0003871265    0.0003108809    0.0004191028
  -0.0652877361    0.0148780576   -0.0133981256
   0.0000749815   -0.0002545503   -0.0003723883
   0.0004854582    0.0002587897    0.0000263653
   0.0002424243   -0.0001333544    0.0003370977
   0.0002901649   -0.0002935833    0.0003646233
   0.0000800809    0.0000087778    0.0000605689
  -0.0000148677   -0.0004603563   -0.0003073917
   0.0003621958    0.0002054106    0.0001296473
   0.0001158879   -0.0000905234   -0.0005338671
   0.0010220232   -0.0001148637    0.0004024937
   0.0001995106   -0.0001155627   -0.0000735256
   0.0004081329   -0.0004014199    0.0004910445
   0.0000022687   -0.0468379520   -0.0002881921
   0.0006710942    0.0003423471    0.0000355821
   0.0000733039   -0.0001629569   -0.0002237855
   0.0002404065   -0.0000504602    0.0001719717
   0.0219983190    0.0153762733   -0.0383864687
   0.0002737699    0.0000439056    0.0001141847
   0.0224250289    0.0154958085    0.0382516459
  -0.0233219596   -0.0153333378   -0.0385041754
  -0.0001894451    0.0000333777    0.0002334406
  -0.0203808049   -0.0192490942    0.0416680381
  -0.0001062168    0.0002687828    0.0000892850
  -0.0001812153    0.0001011922    0.0000606215
  -0.0005039821   -0.0000517415   -0.0001655036
   0.0041186325    0.0500457790   -0.0007662321
  -0.0004433707    0.0001196935   -0.0002704857
  -0.0001790108    0.0002944095    0.0003774167
   0.0007438365    0.0004633352    0.0011860775
   0.0000421715   -0.0000388332    0.0000359393
   0.0042058161    0.0038466907   -0.0009455048
   0.0000638238    0.0000224089   -0.0000015636
  -0.0000846471   -0.0000766924   -0.0001741091
   0.0000733027    0.0001550658    0.0001815963
   0.0014185557   -0.0040368723    0.0038821719
   0.0000404092    0.0000620289    0.0002385695
  -0.0013451718    0.0000903477   -0.0006290981
   0.0451557804   -0.0159443131    0.0000337477
   0.0002012990   -0.0002517523   -0.0003510316
   0.0004652762   -0.0001728800    0.0003430119
   0.0001850922   -0.0002975919   -0.0003229607
   0.0002551514   -0.0000156036    0.0001218312
   0.0002646094   -0.0002349190    0.0001932251
   0.0005682456    0.0001183614    0.0001646637
   0.0003870290    0.0001113359   -0.0000188119
   0.0002386746   -0.0001905877   -0.0001734295

36   
 -0.0086602540378444   0.0000000000000000  -0.0050000000000000
  -0.0004151230    0.0000046387    0.0005490982
   0.0004451598    0.0001964704    0.0004473855
  -0.0001896115    0.0006424814    0.0001585009
   0.0000925474    0.0000973021    0.0002123260
  -0.0000763299   -0.0004682811   -0.0004068255
   0.0004074985    0.0000899483    0.0005126167
   0.0000397012   -0.0001400956   -0.0006077972
  -0.0000000352    0.0000551440    0.0000900294
  -0.0030732308   -0.0008009260   -0.0030822373
  -0.0001084655    0.0001385707    0.0006871749
  -0.0017512455    0.0000625871   -0.0020261424
   0.0000426595    0.0005660169    0.0004254187
  -0.0001635492   -0.0000678284   -0.0002051884
  -0.0006012120    0.0008692781   -0.0002208286
  -0.0020737720   -0.0008496557   -0.0014675101
  -0.0009745394   -0.0001866511    0.0004257933
  -0.0005003109    0.0005556483    0.0006185153
   0.0005667925    0.0000494228    0.0004079449
  -0.0000738701    0.0000540784   -0.0001578011
   0.0013886282   -0.0003463232   -0.0002181710
  -0.0001326045   -0.0001120475   -0.0000560703
   0.0004083870   -0.0004812219   -0.0005500497
   0.0006163344   -0.0003222906    0.0006250083
   0.0012574679   -0.0007173004    0.0000090052
   0.0008459656    0.0003272045    0.0002272754
   0.0002167256   -0.0002264013   -0.0002445852
  -0.0043172322    0.0006445917   -0.0014399413
   0.0001214591   -0.0001127005   -0.0001139147
   0.0003603225   -0.0001339716    0.0002287460
   0.0000952731   -0.0009824621   -0.0001072948
   0.0004294568    0.0000615699    0.0001090018
   0.0000880891   -0.0001034792   -0.0001181226
   0.0001533842   -0.0003190707    0.0000135440
   0.0005115580    0.0001949693   -0.0008283214
   0.0002821414    0.0000451095   -0.0002094699
  -0.0214799388    0.0155186475    0.0129403968
  -0.0000536136    0.0000284254    0.0000154647
  -0.0004820226   -0.0003444025   -0.0000251358
  -0.0002146376   -0.0000860503    0.0000254433
  -0.0002465887    0.0003215052   -0.0004329193
  -0.0000442141    0.0000228830    0.0000118407
  -0.0001123900    0.0003729870    0.0002964808
  -0.0001309553    0.0001506389   -0.0001194986
  -0.0001838995    0.0001707277    0.0004203388
  -0.0010785356    0.0001969067   -0.0003011455
   0.0001032602   -0.0001102713   -0.0001204549
  -0.0001055042    0.0001792880   -0.0002869853
   0.0000035562   -0.0452064194    0.0002782340
  -0.0002552828   -0.0002443500   -0.0000275610
  -0.0000169029    0.0000749771    0.0001126782
  -0.0001807956   -0.0000365775   -0.0000722368
   0.0213937933    0.0152943072   -0.0367707433
  -0.0001542732    0.0000384393   -0.0001181749
   0.0209838124    0.0151897321    0.0369197385
  -0.0200598208   -0.0153661188   -0.0366743099
   0.0000757207   -0.0001154930   -0.0002277384
  -0.0230212031   -0.0113833458    0.0334490146
   0.0000518021   -0.0001831451   -0.0001863102
   0.0001298760   -0.0000126126    0.0000543876
   0.0000915928   -0.0000478267    0.0001599267
  -0.0041622765    0.0419577539    0.0007843955
   0.0001450399    0.0001033446    0.0000673536
  -0.0001144451   -0.0000709940   -0.0001820075
  -0.0006759031   -0.0005395645   -0.0012713380
   0.0000201455   -0.0000439641    0.0000840058
  -0.0043907868   -0.0041515869    0.0009232649
   0.0000617632    0.0000737485    0.0000119219
   0.0000403145    0.0000507208    0.0001061023
  -0.0001097098   -0.0001792852   -0.0001068440
  -0.0014353885    0.0042075417   -0.0041956350
  -0.0000377522    0.0000242417   -0.0002314783
   0.0013088911    0.0001579033    0.0010135436
   0.0416234325   -0.0147362085   -0.0000328278
  -0.0000886446   -0.0001065529    0.0001484080
  -0.0003505078   -0.0001821905   -0.0001509288
   0.0000192007    0.0001984797   -0.0000383855
  -0.0001724275   -0.0000123629   -0.0001197396
  -0.0000565411    0.0001407869    0.0001644398
  -0.0002497738    0.0001027283   -0.0003254052
  -0.0000660155    0.0001139893    0.0001808499
  -0.0002398709    0.0001842935    0.0001624605

42   
  0.0086602540378444   0.0000000000000000   0.0050000000000000
  -0.0001755020    0.0001584804    0.0009715489
  -0.0004078632   -0.0000052120   -0.0010461300
  -0.0009123708    0.0014326816    0.0003080601
  -0.0002668548   -0.0000552912   -0.0002506997
   0.0001417669    0.0009240760   -0.0000371035
  -0.0014694563   -0.0006577790   -0.0011139767
  -0.0007797353   -0.0006695164    0.0008549937
  -0.0014927043    0.0002589857    0.0002508977
   0.0011039667   -0.0000036610    0.0006319392
   0.0000340720   -0.0000109586   -0.0002490686
   0.0009799452    0.0011519344   -0.0003648882
  -0.0007610869   -0.0008169532   -0.0008329114
  -0.0003793355   -0.0005479210    0.0009061759
  -0.0005743311   -0.0003099240   -0.0000752685
   0.0054532243   -0.0014932227    0.0015063333
   0.0001870941    0.0003112184   -0.0001443609
  -0.0007021933    0.0001123956   -0.0009107031
  -0.0008130620   -0.0006590044   -0.0007270350
  -0.0005982927   -0.0000033350    0.0004699372
   0.0001770825   -0.0013099176    0.0002504164
   0.0021080502    0.0006735117    0.0014992607
   0.0009795481    0.0001905325   -0.0011529706
   0.0004873684   -0.0005804637    0.0000894489
   0.0040351774    0.0010399033    0.0037701483
   0.0005636122    0.0003216289   -0.0007264259
   0.0026647382    0.0000627251    0.0016356870
  -0.0003262777    0.0006506527    0.0000572724
   0.0004823750    0.0003027845    0.0000366392
  -0.0001162644   -0.0002311585   -0.0002480598
   0.0000540674   -0.0001127811    0.0002050529
   0.0002454956    0.0000681438   -0.0010225606
   0.0001712707    0.0000142414    0.0001199273
   0.0007105481    0.0002032964    0.0009026605
  -0.0000047665    0.0001801137   -0.0000682943
   0.0002069559   -0.0001181729    0.0004975809
  -0.0433449707    0.0144825806   -0.0003005112
  -0.0005138185   -0.0001140112   -0.0004882795
  -0.0001217772    0.0000760087    0.0001253067
  -0.0002290259    0.0002787634    0.0003672875
  -0.0005435752   -0.0000110624    0.0006884155
  -0.0003150567    0.0001455394    0.0003774407
  -0.0227553580   -0.0001987796   -0.0133488355
  -0.0000028392    0.0003017263    0.0001274871
  -0.0005592690    0.0000407789   -0.0003641508
  -0.0002768887    0.0009118059    0.0002330155
   0.0004140238   -0.0004131014    0.0002982390
   0.0002011730   -0.0001114153    0.0001369381
   0.0000287016   -0.0464327187   -0.0003066691
   0.0004198102    0.0000476384    0.0001286525
   0.0001509362   -0.0001839347   -0.0005204594
   0.0010663186   -0.0002055022    0.0003887804
   0.0217386776    0.0152276846   -0.0377473688
   0.0005368236    0.0003436303    0.0000273997
   0.0219025804    0.0153508442    0.0377037105
  -0.0216130890   -0.0155697025   -0.0377180931
   0.0001519322   -0.0000437389    0.0001252364
  -0.0215348212   -0.0155013227    0.0375849751
   0.0003849707    0.0000417056    0.0001861044
   0.0001929142    0.0000273092   -0.0000342084
   0.0000258749   -0.0002393457   -0.0001704914
   0.0013842911    0.0455061901   -0.0000016698
  -0.0000096929    0.0000405038   -0.0003353543
   0.0002645749    0.0001133744    0.0003347326
  -0.0000393627    0.0001914692    0.0000910906
  -0.0001175657    0.0000158807    0.0000603535
  -0.0004013618   -0.0001765307   -0.0001689941
   0.0042168747    0.0041160910   -0.0007726952
  -0.0003082329   -0.0000135425   -0.0002038061
  -0.0000425017    0.0001686190    0.0003274536
  -0.0016321775    0.0001031083   -0.0011285880
  -0.0001324360    0.0001176164    0.0002385362
   0.0013040088   -0.0038375617    0.0043107984
   0.0433887344   -0.0153395965   -0.0000091120
  -0.0000181470   -0.0002358654   -0.0002384685
   0.0001421041   -0.0000011071    0.0002399250
   0.0015117560   -0.0041788567    0.0038406927
   0.0000683830   -0.0000013747    0.0002409590
  -0.0012641316   -0.0000410762   -0.0005889849
   0.0008559819    0.0006171057    0.0011406456
   0.0001466512    0.0001134519    0.0000750152
   0.0042717395    0.0039986871   -0.0009459751

42   
 -0.0086602540378444   0.0000000000000000  -0.0050000000000000
   0.0001835694   -0.0001532860    0.0006571270
   0.0004013109   -0.0000022850   -0.0005798420
   0.0013848068   -0.0001053924    0.0005125087
   0.0005430185   -0.0000600247    0.0002169556
   0.0003323761    0.0003884739   -0.0007680972
   0.0009972441   -0.0006635101    0.0002958892
   0.0003200997   -0.0006464871   -0.0000539227
   0.0012166530   -0.0001406978   -0.0002150191
   0.0003021489    0.0000097228    0.0001840310
  -0.0000529591    0.0003094383    0.0002182845
   0.0004156955   -0.0011554109   -0.0004424047
   0.0005945212    0.0007040443    0.0010571659
   0.0002217301    0.0004380605   -0.0011835677
  -0.0002980154   -0.0003075312    0.0000883684
  -0.0048577485    0.0003070291   -0.0014852155
  -0.0006196116    0.0003111666   -0.0006030576
   0.0002532387    0.0005048151    0.0016627901
  -0.0005906041    0.0006484773   -0.0000938590
  -0.0008000378    0.0000050490    0.0003357032
  -0.0001577256    0.0010094668   -0.0002158439
  -0.0030457201    0.0006510316   -0.0014904695
  -0.0005294414   -0.0008037170    0.0004036673
  -0.0000602098   -0.0000479042    0.0006523974
  -0.0037206569   -0.0007906812   -0.0036902408
   0.0003109793    0.0002954620    0.0007084580
  -0.0025116480    0.0000565407   -0.0013544979
   0.0003294961   -0.0006543792   -0.0000500528
  -0.0004715841   -0.0002973130   -0.0000235788
  -0.0002061531    0.0000051010    0.0000880162
  -0.0003720414   -0.0001132066   -0.0000430946
  -0.0004536654    0.0000261642    0.0006694123
  -0.0002557969    0.0000149017   -0.0001252558
  -0.0009148389   -0.0001056190   -0.0005436656
  -0.0001056996    0.0001758740   -0.0001270454
  -0.0003186604    0.0004787678   -0.0002935841
  -0.0434430279    0.0162075585    0.0002999926
   0.0005367054   -0.0001113896    0.0001268661
   0.0001220067   -0.0001639754   -0.0001255133
   0.0002601551   -0.0005019774   -0.0000012540
   0.0005789887    0.0000381323   -0.0007635409
   0.0003578782   -0.0001189689   -0.0003030025
   0.0228363482   -0.0001934291    0.0129753806
   0.0002364781    0.0000582294   -0.0001202666
   0.0004923023    0.0000391905    0.0002483057
   0.0002135432   -0.0008222930   -0.0001318761
  -0.0001138980    0.0001878147   -0.0004913393
   0.0000987327   -0.0001108940    0.0000736633
  -0.0000312279   -0.0456157676    0.0002995960
  -0.0000042445    0.0000515562   -0.0001201253
  -0.0000985105    0.0000906095    0.0004033186
  -0.0010025733    0.0001156971   -0.0002869538
   0.0216518237    0.0154500952   -0.0374198715
  -0.0004148040   -0.0002570377   -0.0000305003
   0.0214886760    0.0153380230    0.0374577691
  -0.0217841406   -0.0151201360   -0.0374526925
  -0.0002723119   -0.0000424264   -0.0001193316
  -0.0218581106   -0.0151734610    0.0375782772
  -0.0004434067    0.0000461003   -0.0002881245
  -0.0002496799    0.0000623584    0.0001510954
  -0.0004418805    0.0001384858    0.0001621382
  -0.0014020432    0.0465481642    0.0000066943
  -0.0002913618    0.0001821462    0.0001305221
  -0.0005635452    0.0001123770   -0.0001415954
   0.0001056032   -0.0002762261   -0.0001922248
   0.0001851277   -0.0000983556    0.0000544066
   0.0001699098   -0.0001816818    0.0001622839
  -0.0041322106   -0.0040767407    0.0008003246
   0.0002679667   -0.0000125764    0.0001304554
   0.0000058947   -0.0001964588   -0.0002527607
   0.0016181320    0.0001043944    0.0007454786
   0.0001312269   -0.0000283994   -0.0002376630
  -0.0013333724    0.0041166773   -0.0039981462
   0.0433959420   -0.0153397867    0.0000096385
   0.0001273491   -0.0001220187    0.0000336267
  -0.0000295641   -0.0003549843   -0.0000444367
  -0.0013028053    0.0040284312   -0.0041577845
   0.0000129878   -0.0000293035   -0.0002374522
   0.0014555907   -0.0000340969    0.0009755678
  -0.0005307492   -0.0003862650   -0.0012919079
   0.0001724501    0.0001108017    0.0000907129
  -0.0042424213   -0.0039503344    0.0009237897
